F 449.253875 1649.997965 0.005454
F 449.685837 1650.000557 0.006545
F 450.903173 1650.009188 0.007636
F 451.217329 1650.010559 0.001091
F 450.392662 1650.009210 0.002182
F 449.450194 1650.005098 0.006545
F 449.332388 1650.004134 0.009817
F 450.274820 1650.013386 0.009817
F 450.981652 1650.019555 0.007636
F 450.942383 1650.019276 0.006545
F 449.960668 1650.011244 0.009817
F 449.057520 1650.000900 0.013090
F 449.057520 1650.000900 0.013090
F 449.882123 1650.011244 0.011999
F 450.785272 1650.021589 0.010908
F 451.020882 1650.023645 0.006545
F 450.549653 1650.020561 0.006545
F 449.410876 1650.010002 0.011999
F 448.743373 1649.999443 0.019635
F 449.057472 1650.005611 0.019635
F 450.706555 1650.034396 0.015272
F 452.630650 1650.056435 0.007636
F 452.905534 1650.058084 0.004363
F 454.122844 1650.049453 -0.018544
F 455.496362 1650.000739 -0.052360
F 457.651099 1649.853607 -0.083994
F 460.428241 1649.606059 -0.093811
F 463.399323 1649.323247 -0.095993
F 466.448274 1649.029667 -0.095993
F 471.099138 1648.574158 -0.099266
F 477.077531 1647.975459 -0.100356
F 483.094003 1647.363002 -0.102538
F 489.578568 1646.695747 -0.102538
F 497.156915 1645.915943 -0.102538
F 505.438408 1645.063785 -0.102538
F 513.837562 1644.204150 -0.101447
F 522.393929 1643.337855 -0.100356
F 531.576427 1642.418285 -0.099266
F 540.798502 1641.499831 -0.099266
F 550.098731 1640.573594 -0.099266
F 559.907486 1639.602114 -0.098175
F 570.500074 1638.576333 -0.094902
F 581.369103 1637.553692 -0.092721
F 592.004637 1636.564723 -0.092721
F 602.366985 1635.606857 -0.091630
F 613.082866 1634.633993 -0.089448
F 624.113779 1633.656787 -0.087266
F 635.342942 1632.692874 -0.083994
F 646.496926 1631.772175 -0.080721
F 657.340686 1630.912801 -0.077449
F 667.873069 1630.101222 -0.076358
F 678.642155 1629.295035 -0.073086
F 689.805518 1628.496059 -0.069813
F 701.011027 1627.737056 -0.065450
F 711.435915 1627.076611 -0.061087
F 722.020392 1626.452411 -0.056723
F 733.037828 1625.832824 -0.055632
F 744.488255 1625.220207 -0.051269
F 755.784357 1624.665266 -0.046906
F 766.612005 1624.180686 -0.042542
F 777.716087 1623.726207 -0.039270
F 789.017577 1623.294517 -0.037088
F 800.437934 1622.889473 -0.033816
F 812.016945 1622.529381 -0.028362
F 824.029410 1622.214823 -0.023998
F 836.082252 1621.945252 -0.020726
F 847.507708 1621.727119 -0.017453
F 858.384107 1621.555072 -0.014181
F 869.614336 1621.408060 -0.011999
F 881.512474 1621.284757 -0.008727
F 892.900061 1621.160533 -0.013090
F 903.421157 1620.907996 -0.034907
F 913.339330 1620.339374 -0.079631
F 923.677694 1619.167178 -0.146171
F 934.638709 1617.123304 -0.222529
F 944.917163 1614.375208 -0.299978
F 954.285649 1611.074895 -0.377427
F 962.922985 1607.308065 -0.445059
F 972.212463 1602.619428 -0.489783
F 981.539679 1597.495722 -0.514872
F 989.769689 1592.744123 -0.532325
F 996.316938 1588.848919 -0.541052
F 1004.105304 1584.198057 -0.535598
F 1013.392368 1578.842920 -0.510509
F 1022.157929 1574.083609 -0.484329
F 1028.372118 1570.883091 -0.466876
F 1037.153317 1566.492980 -0.460331
F 1046.569660 1561.881235 -0.450513
F 1054.279980 1558.347105 -0.409062
F 1060.984556 1555.655280 -0.354520
F 1070.654943 1552.260467 -0.320704
F 1079.705683 1549.363302 -0.298888
F 1087.274945 1547.125674 -0.275980
F 1096.189901 1544.742130 -0.246528
F 1106.926504 1542.195446 -0.219257
F 1117.220692 1540.007349 -0.199622
F 1125.783667 1538.371938 -0.177805
F 1134.721411 1536.821092 -0.165806
F 1146.770136 1534.825088 -0.162534
F 1158.827446 1532.881677 -0.157080
F 1167.717765 1531.528214 -0.145080
F 1178.874213 1529.929240 -0.139626
F 1191.633260 1528.164450 -0.135263
F 1201.560679 1526.851972 -0.127627
F 1209.783184 1525.828716 -0.119991
F 1221.990237 1524.390666 -0.114537
F 1233.427201 1523.131802 -0.104720
F 1241.555092 1522.322321 -0.093811
F 1252.973792 1521.273090 -0.089448
F 1265.453801 1520.188090 -0.083994
F 1275.084371 1519.430147 -0.073086
F 1284.682404 1518.764248 -0.065450
F 1297.571190 1517.870040 -0.073086
F 1308.394806 1516.798046 -0.124355
F 1316.744736 1515.325728 -0.224711
F 1328.201246 1512.128360 -0.319613
F 1338.508717 1508.094094 -0.426515
F 1345.622092 1504.176406 -0.580322
F 1352.946252 1498.575397 -0.725402
F 1359.521600 1491.942417 -0.854121
F 1364.217208 1485.704057 -0.997019
F 1367.651925 1479.443395 -1.141009
F 1369.635531 1474.111421 -1.288271
F 1370.652757 1469.273876 -1.438806
F 1370.915927 1465.083611 -1.577341
F 1370.703498 1462.069356 -1.704969
F 1370.226890 1459.603059 -1.818415
F 1369.487523 1457.160898 -1.911136
F 1368.853410 1455.511667 -1.964586
F 1368.293718 1454.170805 -1.967859
F 1367.401235 1452.032672 -1.964586
F 1366.947059 1450.903229 -1.941679
F 1366.263156 1449.021029 -1.896955
F 1365.368152 1446.133084 -1.845686
F 1364.678243 1443.391504 -1.788962
F 1364.086359 1440.506472 -1.757328
F 1363.512689 1437.457651 -1.756238
F 1362.880926 1434.100089 -1.757328
F 1362.104499 1430.010532 -1.759510
F 1361.160894 1425.113336 -1.762783
F 1360.201268 1420.219253 -1.766055
F 1359.036769 1414.364922 -1.768237
F 1357.568961 1407.089500 -1.771509
F 1355.968286 1399.199908 -1.770418
F 1354.348552 1391.193973 -1.770418
F 1352.510778 1382.110316 -1.770418
F 1350.517260 1372.256858 -1.770418
F 1348.459221 1362.055866 -1.769328
F 1346.337040 1351.507266 -1.769328
F 1344.135646 1340.533979 -1.768237
F 1341.869402 1329.173187 -1.767146
F 1339.569710 1317.578811 -1.766055
F 1337.328257 1306.213102 -1.764964
F 1335.114315 1294.922026 -1.763873
F 1332.911358 1283.588796 -1.761692
F 1330.659042 1271.865140 -1.759510
F 1328.402188 1259.942465 -1.756238
F 1326.213073 1248.166901 -1.752965
F 1324.105582 1236.655804 -1.750783
F 1322.021883 1225.060577 -1.746420
F 1319.962074 1213.341444 -1.743148
F 1317.860569 1201.151245 -1.739875
F 1315.786050 1188.836943 -1.735512
F 1313.765282 1176.513706 -1.731148
F 1311.873585 1164.527694 -1.723513
F 1310.085816 1152.565455 -1.714786
F 1308.442976 1141.058251 -1.710423
F 1306.957969 1130.321979 -1.706059
F 1305.508731 1119.541192 -1.702787
F 1304.053018 1108.483953 -1.700605
F 1302.613505 1097.266214 -1.696242
F 1301.210709 1086.043817 -1.694060
F 1299.852816 1074.934579 -1.690788
F 1298.512737 1063.664976 -1.687515
F 1297.171682 1052.118704 -1.685334
F 1295.846930 1040.491498 -1.683152
F 1294.547547 1028.861430 -1.680970
F 1293.267123 1017.110749 -1.677698
F 1291.992151 1005.043520 -1.674425
F 1290.746073 992.933792 -1.672244
F 1289.531847 980.741905 -1.667880
F 1288.344184 968.192354 -1.662426
F 1287.211289 955.637730 -1.659154
F 1286.166771 943.469552 -1.653699
F 1285.194483 931.531765 -1.650427
F 1284.262225 919.433243 -1.644973
F 1283.395967 907.329816 -1.639519
F 1282.581299 895.104729 -1.635155
F 1281.824232 882.836600 -1.629701
F 1281.116205 870.486864 -1.626429
F 1280.444844 857.938450 -1.622065
F 1279.821750 845.112332 -1.616611
F 1279.275386 832.439940 -1.611157
F 1278.778239 819.608313 -1.607885
F 1278.328715 806.735640 -1.603521
F 1277.925769 793.547115 -1.599158
F 1277.565833 780.082352 -1.595885
F 1277.274397 767.362250 -1.591522
F 1277.050351 754.915721 -1.586068
F 1276.892224 742.311088 -1.580614
F 1276.794471 729.509482 -1.576250
F 1276.759238 716.589746 -1.570796
F 1276.794043 703.827089 -1.565342
F 1276.890596 691.182557 -1.560979
F 1277.045147 678.302965 -1.556616
F 1277.270222 664.992385 -1.551161
F 1277.564379 651.840271 -1.545707
F 1277.907031 639.278583 -1.541344
F 1278.310077 626.757984 -1.535890
F 1278.810956 613.454927 -1.530436
F 1279.410481 599.723566 -1.523891
F 1280.057913 586.544780 -1.519527
F 1280.733998 574.035953 -1.514073
F 1281.469239 561.451778 -1.510801
F 1282.298764 548.243859 -1.505346
F 1283.170117 535.274764 -1.502074
F 1284.071504 522.583293 -1.497711
F 1285.026256 510.013877 -1.492257
F 1286.000728 497.091521 -1.498801
F 1286.768313 484.312871 -1.522800
F 1287.159247 471.517501 -1.557706
F 1287.067648 458.598903 -1.598067
F 1286.422822 445.617652 -1.642791
F 1285.338028 433.295806 -1.674425
F 1283.973622 420.961841 -1.687515
F 1282.492309 408.562189 -1.691879
F 1281.021893 396.477647 -1.691879
F 1279.677479 385.327211 -1.689697
F 1278.397000 374.406458 -1.685334
F 1277.091862 362.895595 -1.682061
F 1275.845471 351.457233 -1.676607
F 1274.689835 340.404102 -1.673334
F 1273.590265 329.424192 -1.667880
F 1272.491220 318.010172 -1.665699
F 1271.383077 306.163108 -1.662426
F 1270.320767 294.390704 -1.659154
F 1269.300833 282.732805 -1.656972
F 1268.312466 270.993375 -1.652609
F 1267.359491 259.132821 -1.649336
F 1266.457402 247.425828 -1.646064
F 1265.585679 235.519655 -1.641700
F 1264.762136 223.649412 -1.638428
F 1263.998161 212.090012 -1.635155
F 1263.285645 200.645367 -1.630792
F 1262.596214 188.845253 -1.627520
F 1261.936754 176.886105 -1.624247
F 1261.311965 164.964415 -1.622065
F 1260.721637 153.080291 -1.618793
F 1260.169245 141.312279 -1.616611
F 1259.640276 129.346649 -1.613339
F 1259.126038 116.948020 -1.611157
F 1258.557185 104.237333 -1.619884
F 1257.783399 92.128067 -1.649336
F 1256.593709 80.566338 -1.697333
F 1254.649558 68.870185 -1.773691
F 1251.615591 57.085690 -1.871866
F 1247.380830 45.889804 -1.992948
F 1242.441706 36.921798 -2.155482
F 1235.689519 28.564918 -2.345286
F 1227.686395 21.879199 -2.545999
F 1220.358831 18.049459 -2.773983
F 1212.847504 16.106897 -3.003057
F 1205.208272 15.819269 3.078324
F 1198.770101 16.788642 2.905973
F 1195.384062 17.795651 2.799072
F 1190.921421 19.536684 2.740167
F 1185.628037 21.935085 2.692170
F 1182.117629 23.779555 2.623448
F 1178.640562 25.845626 2.587451
F 1174.232653 28.573323 2.587451
F 1170.158676 31.094377 2.587451
F 1166.183538 33.551269 2.588541
F 1161.607119 36.379793 2.587451
F 1156.184358 39.780660 2.575451
F 1150.879709 43.291730 2.538363
F 1145.547188 47.174929 2.486003
F 1139.685906 52.038899 2.411827
F 1133.695713 57.983525 2.308198
F 1128.445394 64.488865 2.191479
F 1123.813706 71.776689 2.082396
F 1119.548670 80.046685 2.011492
F 1115.770194 88.508426 1.970040
F 1112.280598 97.051428 1.947133
F 1108.731648 106.162824 1.937315
F 1105.074238 115.737499 1.934043
F 1101.558076 124.987782 1.934043
F 1098.087798 134.087454 1.936225
F 1094.346308 143.882241 1.935134
F 1090.408636 154.190612 1.936225
F 1086.460615 164.326561 1.948224
F 1082.321490 174.257952 1.983130
F 1077.453612 184.682304 2.032218
F 1071.884094 195.240250 2.080214
F 1065.909923 205.484330 2.117303
F 1059.485424 215.778167 2.140210
F 1052.524711 226.522366 2.151118
F 1045.297371 237.467607 2.157663
F 1037.907385 248.540573 2.160936
F 1030.421562 259.691159 2.163117
F 1022.760632 271.102578 2.160936
F 1015.123473 282.765049 2.140210
F 1008.085441 294.110704 2.111848
F 1001.542273 305.386918 2.081305
F 995.222940 317.147771 2.046399
F 989.102051 329.628272 2.007129
F 983.594295 341.962668 1.974404
F 979.037943 352.996702 1.950405
F 974.703478 364.035680 1.939497
F 969.946782 376.427297 1.935134
F 964.979265 389.242612 1.946042
F 960.187346 401.028930 1.967859
F 955.695879 411.236564 2.002765
F 950.466074 422.185706 2.030036
F 944.165743 434.753477 2.040944
F 937.861239 447.010847 2.050762
F 932.119880 457.923375 2.059489
F 927.281416 466.869595 2.073669
F 921.065645 477.926177 2.092213
F 913.786180 490.455546 2.102031
F 906.919390 501.997582 2.112939
F 902.134386 509.796449 2.129302
F 894.844200 521.308911 2.141301
F 886.573598 534.105555 2.147846
F 880.082010 543.936557 2.160936
F 873.842420 553.132933 2.172935
F 865.171213 565.661585 2.179480
F 857.312771 576.793902 2.191479
F 851.311438 585.054027 2.206751
F 842.322866 597.063836 2.219841
F 833.460079 608.627098 2.229658
F 826.283781 617.771151 2.242748
F 819.076989 626.740601 2.252566
F 809.592662 638.413664 2.253656
F 800.250468 649.847938 2.258020
F 793.939203 657.470173 2.266746
F 785.354350 667.644724 2.276564
F 775.241974 679.458675 2.280927
F 767.656112 688.214104 2.288563
F 760.431225 696.398325 2.299471
F 750.195752 707.790936 2.306016
F 742.267944 716.452100 2.318015
F 735.441525 723.724677 2.331105
F 724.717892 734.877916 2.342014
F 714.930033 744.859871 2.350740
F 707.266098 752.523806 2.361649
F 696.846665 762.762955 2.368194
F 686.168766 773.130906 2.373648
F 677.601909 781.331887 2.382374
F 668.906606 789.511611 2.391101
F 657.003052 800.527190 2.398737
F 646.224101 810.328834 2.408554
F 638.643355 817.050468 2.423826
F 627.677535 826.582910 2.428189
F 615.596239 837.166270 2.416190
F 606.272989 845.936708 2.357285
F 599.036984 853.842075 2.266746
F 589.716311 865.989011 2.183843
F 582.222064 877.738476 2.093304
F 577.889552 886.017008 2.012583
F 572.457204 897.868619 1.988585
F 566.768953 910.853747 1.978767
F 562.283319 921.278662 1.975495
F 558.232280 930.693551 1.978767
F 552.765440 943.304022 1.980949
F 547.710648 954.894655 1.983130
F 544.098232 963.044134 1.992948
F 538.565018 975.238501 2.000584
F 532.449072 988.505015 2.004947
F 528.180596 997.606895 2.013674
F 523.187591 1008.060271 2.019128
F 516.689901 1021.493908 2.023491
F 511.825526 1031.398708 2.031127
F 508.742402 1037.540496 2.040944
F 503.944016 1046.907285 2.047489
F 500.797193 1052.928200 2.057307
F 498.189713 1057.812859 2.064943
F 495.470471 1062.860401 2.064943
F 494.237480 1065.228954 2.036581
F 492.357175 1069.204525 1.988585
F 489.983009 1074.936269 1.938406
F 488.088462 1080.222083 1.891501
F 486.633533 1084.827766 1.862048
F 484.752109 1091.192095 1.854412
F 482.636233 1098.510730 1.850049
F 480.564869 1105.719595 1.851140
F 478.450125 1113.079431 1.850049
F 476.035226 1121.415319 1.855503
F 473.285448 1130.717041 1.860957
F 470.400406 1140.265233 1.867502
F 467.472349 1149.676989 1.877320
F 464.534022 1159.085561 1.869684
F 461.754561 1168.582886 1.841322
F 459.380068 1177.743751 1.807507
F 457.340985 1186.824201 1.775873
F 455.552817 1195.917566 1.754056
F 453.839577 1205.105435 1.756238
F 452.000802 1214.068213 1.790053
F 449.720246 1223.130750 1.844595
F 446.924254 1231.964889 1.910045
F 443.758595 1240.001384 1.982040
F 440.129648 1247.535468 2.057307
F 435.794760 1255.006028 2.135847
F 430.942666 1262.008445 2.217659
F 425.840333 1268.232575 2.297290
F 420.367963 1273.917967 2.376920
F 414.345571 1279.316809 2.444552
F 407.875549 1284.492168 2.489276
F 401.853673 1288.963388 2.516547
F 395.804304 1293.263444 2.530727
F 389.390675 1297.728299 2.536182
F 382.410689 1302.547966 2.538363
F 375.155871 1307.522420 2.542727
F 367.660373 1312.631909 2.543817
F 359.728368 1318.007329 2.548181
F 351.618886 1323.470811 2.549272
F 343.633818 1328.837818 2.550362
F 335.476841 1334.301016 2.552544
F 327.071173 1339.957380 2.545999
F 318.911144 1345.624788 2.523092
F 311.180726 1351.351524 2.484913
F 303.775390 1357.368336 2.433643
F 296.709279 1363.779709 2.375829
F 290.228908 1370.403025 2.314743
F 284.590475 1376.946748 2.249293
F 279.590631 1383.649974 2.174026
F 275.617207 1389.962720 2.091123
F 272.644231 1395.673754 2.010401
F 270.264397 1401.401501 1.918771
F 268.497034 1407.182284 1.816233
F 267.411584 1412.848901 1.703878
F 267.053762 1418.448587 1.565342
F 267.459107 1423.493435 1.415898
F 268.425424 1427.699942 1.274090
F 269.823614 1431.408708 1.146463
F 271.592337 1434.824567 1.039562
F 273.595439 1437.923856 0.954477
F 275.693955 1440.718182 0.898845
F 277.561088 1442.995822 0.869392
F 279.448357 1445.205530 0.858484
F 281.378592 1447.377697 0.830122
F 283.685084 1449.735065 0.762491
F 286.103098 1451.860277 0.679588
F 288.151919 1453.381519 0.597775
F 290.323933 1454.720693 0.507236
F 292.582929 1455.819430 0.398153
F 294.176382 1456.374914 0.272708
F 295.636841 1456.675367 0.133081
F 297.163814 1456.777960 0.001091
F 298.300833 1456.722723 -0.098175
F 298.846912 1456.659298 -0.133081
F 299.236416 1456.609315 -0.122173
F 299.197426 1456.613995 -0.116719
F 298.417272 1456.704606 -0.114537
F 297.207508 1456.840437 -0.109083
F 295.684814 1457.004678 -0.105811
F 293.848929 1457.194601 -0.100356
F 291.855703 1457.389819 -0.094902
F 289.665817 1457.591041 -0.088357
F 287.278914 1457.793310 -0.080721
F 284.969232 1457.976354 -0.077449
F 282.659155 1458.154358 -0.076358
F 280.270771 1458.338396 -0.077449
F 277.686947 1458.541748 -0.079631
F 275.143058 1458.751731 -0.085085
F 272.247068 1458.992370 -0.080721
F 270.994200 1459.089597 -0.074176
F 271.150942 1459.079324 -0.056723
F 270.837090 1459.093027 -0.030543
F 271.268984 1459.085724 -0.003272
F 272.682487 1459.105770 0.031634
F 274.289738 1459.197916 0.082903
F 275.343535 1459.313907 0.136354
F 276.002677 1459.419411 0.181078
F 276.966264 1459.607259 0.203985
F 278.426917 1459.912738 0.208349
F 279.655807 1460.175348 0.212712
F 280.730073 1460.409821 0.217075
F 282.032965 1460.701649 0.223620
F 283.180866 1460.966662 0.230165
F 284.174188 1461.202847 0.236710
F 285.624450 1461.554372 0.238892
F 287.112284 1461.917583 0.239983
