F -1.72659 -0.55451 -0.00105827
E 1.00718e-32 1.38342e-32 1.49111e-31 1.38342e-32 1.95581e-32 2.08281e-31 1.49111e-31 2.08281e-31 2.22919e-30
F -1.72659 -0.55451 -0.00105826
E 1.2474e-32 1.58034e-32 1.76144e-31 1.58034e-32 2.11738e-32 2.3045e-31 1.76144e-31 2.3045e-31 2.53347e-30
F -1.72659 -0.55451 -0.00105825
E 2.26866e-32 2.59836e-32 3.03577e-31 2.59836e-32 3.13292e-32 3.57526e-31 3.03577e-31 3.57526e-31 4.12387e-30
F -1.72659 -0.55451 -0.00105825
E 3.0556e-32 3.724e-32 4.23994e-31 3.724e-32 4.74936e-32 5.30169e-31 4.23994e-31 5.30169e-31 5.969e-30
F -1.72659 -0.55451 -0.00105825
E 1.01342e-29 -1.09823e-29 -4.61723e-30 -1.09823e-29 1.2066e-29 6.02841e-30 -4.61723e-30 6.02841e-30 8.48448e-30
F -1.72659 -0.55451 -0.00105824
E 1.01441e-29 -1.09731e-29 -4.49799e-30 -1.09731e-29 1.20745e-29 6.1388e-30 -4.49799e-30 6.1388e-30 9.91262e-30
F -1.72626 -0.55451 -0.000996339
E 1.21124e-13 1.21108e-13 1.51395e-12 1.21108e-13 1.21094e-13 1.51376e-12 1.51395e-12 1.51376e-12 1.89232e-11
F -1.72543 -0.554511 -0.00128064
E 5.29969e-12 5.30096e-12 6.62459e-11 5.30096e-12 5.30245e-12 6.62636e-11 6.62459e-11 6.62636e-11 8.28088e-10
F -1.72441 -0.554512 -0.00134914
E 1.58352e-11 1.58363e-11 1.97531e-10 1.58363e-11 1.59814e-11 1.98414e-10 1.97531e-10 1.98414e-10 2.46931e-09
F -1.72338 -0.554513 -0.000866409
E 2.5752e-11 2.59571e-11 3.21482e-10 2.59571e-11 2.63128e-11 3.2493e-10 3.21482e-10 3.2493e-10 4.01869e-09
F -1.72234 -0.554515 -0.00130528
E 3.85159e-11 3.90518e-11 4.81023e-10 3.90518e-11 3.97502e-11 4.8861e-10 4.81023e-10 4.8861e-10 6.01288e-09
F -1.72033 -0.554517 -0.000926012
E 1.90974e-10 1.9247e-10 2.38668e-09 1.9247e-10 1.94203e-10 2.4064e-09 2.38668e-09 2.4064e-09 2.98337e-08
F -1.71675 -0.554523 -0.00276474
E 2.09862e-09 2.1074e-09 2.62227e-08 2.1074e-09 2.11961e-09 2.6353e-08 2.62227e-08 2.6353e-08 3.27808e-07
F -1.7133 -0.554532 -0.0019933
E 3.3883e-09 3.48639e-09 4.23353e-08 3.48639e-09 3.59465e-09 4.35952e-08 4.23353e-08 4.35952e-08 5.292e-07
F -1.70861 -0.554541 -0.00186934
E 8.16466e-09 8.26518e-09 1.00824e-07 8.26518e-09 8.78932e-09 1.04527e-07 1.00824e-07 1.04527e-07 1.26004e-06
F -1.70016 -0.554564 -0.00362827
E 6.16532e-08 6.23448e-08 7.67628e-07 6.23448e-08 6.41336e-08 7.82253e-07 7.67628e-07 7.82253e-07 9.59659e-06
F -1.69079 -0.554611 -0.00632562
E 1.45156e-07 1.52537e-07 1.80743e-06 1.52537e-07 1.6308e-07 1.91237e-06 1.80743e-06 1.91237e-06 2.25922e-05
F -1.67874 -0.554699 -0.0083712
E 3.64365e-07 3.91134e-07 4.52922e-06 3.91134e-07 4.31319e-07 4.90778e-06 4.52922e-06 4.90778e-06 5.66088e-05
F -1.66545 -0.55479 -0.00535453
E 6.50875e-07 7.33028e-07 8.0775e-06 7.33028e-07 8.57659e-07 9.20724e-06 8.0775e-06 9.20724e-06 0.000100939
F -1.65106 -0.554889 -0.00838163
E 1.1048e-06 1.29625e-06 1.36943e-05 1.29625e-06 1.59538e-06 1.62722e-05 1.36943e-05 1.62722e-05 0.000171037
F -1.63388 -0.554997 -0.00423325
E 1.9068e-06 2.31187e-06 2.35767e-05 2.31187e-06 3.00566e-06 2.90901e-05 2.35767e-05 2.90901e-05 0.000294509
F -1.61695 -0.555111 -0.00917655
E 2.80856e-06 3.59426e-06 3.46791e-05 3.59426e-06 4.96853e-06 4.51494e-05 3.46791e-05 4.51494e-05 0.000432753
F -1.59683 -0.55543 -0.0225324
E 4.88186e-06 6.31989e-06 6.00505e-05 6.31989e-06 9.00422e-06 7.91685e-05 6.00505e-05 7.91685e-05 0.000748101
F -1.57527 -0.555994 -0.0297879
E 7.36565e-06 1.00155e-05 9.00294e-05 1.00155e-05 1.51722e-05 0.000125013 9.00294e-05 0.000125013 0.00111803
F -1.55221 -0.556635 -0.025826
E 1.01492e-05 1.47342e-05 0.000123282 1.47342e-05 2.42111e-05 0.000183651 0.000123282 0.000183651 0.00152749
F -1.52923 -0.557275 -0.0298826
E 1.32705e-05 2.05644e-05 0.000160345 2.05644e-05 3.64032e-05 0.000255026 0.000160345 0.000255026 0.0019791
F -1.50761 -0.557836 -0.0219726
E 1.53604e-05 2.60217e-05 0.00018502 2.60217e-05 5.032e-05 0.000321848 0.00018502 0.000321848 0.00227863
F -1.48405 -0.558366 -0.0230252
E 1.86838e-05 3.35792e-05 0.000224324 3.35792e-05 6.98616e-05 0.000413798 0.000224324 0.000413798 0.00275573
F -1.46924 -0.558704 -0.0227692
E 1.93054e-05 3.75224e-05 0.000231104 3.75224e-05 8.31967e-05 0.00046048 0.000231104 0.00046048 0.00282893
F -1.44525 -0.559319 -0.0284946
E 2.3219e-05 4.68959e-05 0.00027678 4.68959e-05 0.000110484 0.000572293 0.00027678 0.000572293 0.00337621
F -1.42323 -0.559867 -0.0213203
E 2.55715e-05 5.52802e-05 0.000304085 5.52802e-05 0.000139461 0.000672759 0.000304085 0.000672759 0.00370184
F -1.40094 -0.560359 -0.0228229
E 2.83997e-05 6.48795e-05 0.000336752 6.48795e-05 0.0001738 0.000786189 0.000336752 0.000786189 0.00408718
F -1.37849 -0.560882 -0.0236273
E 3.13321e-05 7.53722e-05 0.000370257 7.53722e-05 0.000213727 0.000909449 0.000370257 0.000909449 0.00447979
F -1.35458 -0.56126 -0.00802931
E 3.40811e-05 8.67933e-05 0.00040346 8.67933e-05 0.000262512 0.0010497 0.00040346 0.0010497 0.00489438
F -1.33242 -0.561367 -0.00161261
E 3.62617e-05 9.78048e-05 0.000430284 9.78048e-05 0.000313662 0.00118517 0.000430284 0.00118517 0.00523172
F -1.31023 -0.56133 0.00495538
E 3.83183e-05 0.000109228 0.00045641 0.000109228 0.000371048 0.00132827 0.00045641 0.00132827 0.00556983
F -1.28822 -0.561171 0.00948302
E 4.02789e-05 0.000121003 0.000481899 0.000121003 0.00043441 0.00147769 0.000481899 0.00147769 0.0059059
F -1.26622 -0.560929 0.0124763
E 4.22193e-05 0.000133252 0.000507516 0.000133252 0.000504501 0.0016349 0.000507516 0.0016349 0.00624814
F -1.24417 -0.560597 0.0176763
E 4.39623e-05 0.000145753 0.000531665 0.000145753 0.000581843 0.00179947 0.000531665 0.00179947 0.00658401
F -1.22122 -0.5602 0.016858
E 4.63663e-05 0.0001599 0.00056355 0.0001599 0.000670699 0.00198472 0.00056355 0.00198472 0.00701236
F -1.19894 -0.559784 0.0205675
E 4.81385e-05 0.000173621 0.000588705 0.000173621 0.000764944 0.00216942 0.000588705 0.00216942 0.00736957
F -1.1757 -0.559217 0.0281595
E 4.99153e-05 0.000188079 0.000615674 0.000188079 0.000872394 0.00237278 0.000615674 0.00237278 0.00777336
F -1.15306 -0.558509 0.0344233
E 5.12911e-05 0.000202158 0.00063876 0.000202158 0.000986241 0.00257814 0.00063876 0.00257814 0.00814283
F -1.13848 -0.558033 0.0308166
E 5.12353e-05 0.000210806 0.000641324 0.000210806 0.00106363 0.00270284 0.000641324 0.00270284 0.00821781
F -1.1168 -0.557424 0.0253205
E 5.29968e-05 0.000225612 0.000666745 0.000225612 0.00118707 0.00291027 0.000666745 0.00291027 0.00858486
F -1.09443 -0.556757 0.0343432
E 5.4069e-05 0.00023995 0.000686604 0.00023995 0.0013238 0.00312932 0.000686604 0.00312932 0.00892475
F -1.07161 -0.555911 0.0397366
E 5.52702e-05 0.000254794 0.000708969 0.000254794 0.00147374 0.00336353 0.000708969 0.00336353 0.0093103
F -1.04836 -0.554945 0.0433012
E 5.65837e-05 0.000270185 0.00073351 0.000270185 0.00163794 0.0036138 0.00073351 0.0036138 0.00973672
F -1.02649 -0.554049 0.0386014
E 5.78741e-05 0.000285562 0.000755995 0.000285562 0.00180314 0.0038567 0.000755995 0.0038567 0.0101128
F -1.00299 -0.553019 0.0489976
E 5.86562e-05 0.00030066 0.00077617 0.00030066 0.00199267 0.00412683 0.00077617 0.00412683 0.0105233
F -0.980109 -0.551916 0.0473868
E 5.98154e-05 0.000316459 0.000799502 0.000316459 0.00218982 0.0044017 0.000799502 0.0044017 0.0109529
F -0.95771 -0.550956 0.0381964
E 6.15002e-05 0.000333665 0.00082684 0.000333665 0.00239545 0.0046824 0.00082684 0.0046824 0.011396
F -0.934921 -0.550027 0.0433105
E 6.23037e-05 0.000349745 0.000845923 0.000349745 0.00261726 0.00497263 0.000845923 0.00497263 0.0117813
F -0.912066 -0.548995 0.0469336
E 6.30334e-05 0.000365721 0.000864806 0.000365721 0.00285327 0.00527341 0.000864806 0.00527341 0.0121792
F -0.890263 -0.548123 0.0330224
E 6.48579e-05 0.000384166 0.000892551 0.000384166 0.00309193 0.00557353 0.000892551 0.00557353 0.0126114
F -0.867712 -0.547448 0.0268755
E 6.67218e-05 0.000403875 0.000920512 0.000403875 0.00335257 0.00589248 0.000920512 0.00589248 0.0130443
F -0.844805 -0.546848 0.0254502
E 6.84818e-05 0.000424151 0.000947568 0.000424151 0.00363218 0.00622551 0.000947568 0.00622551 0.0134735
F -0.829526 -0.546471 0.0238835
E 6.83704e-05 0.000436906 0.000949713 0.000436906 0.00382613 0.00643825 0.000949713 0.00643825 0.0135596
F -0.807721 -0.546127 0.00769173
E 7.1289e-05 0.000460513 0.000985701 0.000460513 0.00411629 0.00676985 0.000985701 0.00676985 0.0140081
F -0.785833 -0.545984 0.00539155
E 7.34663e-05 0.000483708 0.00101341 0.000483708 0.00442172 0.00710544 0.00101341 0.00710544 0.0143706
F -0.763664 -0.545763 0.0145025
E 7.47505e-05 0.000505071 0.0010335 0.000505071 0.00474592 0.00745 0.0010335 0.00745 0.0146968
F -0.741242 -0.545528 0.00647866
E 7.74649e-05 0.000530558 0.00106752 0.000530558 0.00509026 0.00781438 0.00106752 0.00781438 0.0151321
F -0.719742 -0.54552 -0.00570112
E 8.05738e-05 0.000558078 0.00110303 0.000558078 0.00543582 0.00817149 0.00110303 0.00817149 0.0155288
F -0.697459 -0.545604 -0.00182494
E 8.28996e-05 0.000584867 0.0011315 0.000584867 0.00581003 0.00854602 0.0011315 0.00854602 0.0158852
F -0.674995 -0.545649 -0.00227056
E 8.55614e-05 0.000613267 0.00116369 0.000613267 0.00620454 0.00893416 0.00116369 0.00893416 0.0162762
F -0.651267 -0.545772 -0.00809131
E 8.95895e-05 0.000646608 0.00120985 0.000646608 0.00664109 0.00936241 0.00120985 0.00936241 0.016801
F -0.628831 -0.545793 0.0062234
E 9.09883e-05 0.00067283 0.00123067 0.00067283 0.00707173 0.00976506 0.00123067 0.00976506 0.0171237
F -0.606318 -0.545568 0.0137593
E 9.23418e-05 0.000698741 0.00125234 0.000698741 0.00752238 0.0101788 0.00125234 0.0101788 0.0174781
F -0.583747 -0.545221 0.0169223
E 9.37776e-05 0.000724963 0.00127545 0.000724963 0.00799322 0.0106035 0.00127545 0.0106035 0.0178573
F -0.560811 -0.544829 0.0172779
E 9.55266e-05 0.000752435 0.00130207 0.000752435 0.00849179 0.0110466 0.00130207 0.0110466 0.0182778
F -0.537158 -0.544553 0.00604788
E 9.91525e-05 0.000786653 0.00134683 0.000786653 0.00902826 0.0115239 0.00134683 0.0115239 0.0188398
F -0.521311 -0.544502 0.000403755
E 9.99556e-05 0.00080914 0.00135623 0.00080914 0.00939895 0.0118312 0.00135623 0.0118312 0.0189483
F -0.498876 -0.544394 0.00923475
E 0.000101381 0.000837955 0.00137798 0.000837955 0.00994156 0.0122837 0.00137798 0.0122837 0.019292
F -0.476079 -0.544084 0.0179448
E 0.000102396 0.000865187 0.00139769 0.000865187 0.010514 0.0127527 0.00139769 0.0127527 0.0196598
F -0.453678 -0.5438 0.00739648
E 0.000105194 0.000898718 0.00143287 0.000898718 0.0110982 0.0132293 0.00143287 0.0132293 0.0201113
F -0.430879 -0.543635 0.00701814
E 0.000107434 0.0009319 0.00146297 0.0009319 0.0117145 0.0137209 0.00146297 0.0137209 0.0205259
F -0.408864 -0.543532 0.00233762
E 0.000109935 0.000966526 0.00149373 0.000966526 0.0123311 0.0142036 0.00149373 0.0142036 0.0209104
F -0.386476 -0.543527 -0.00191102
E 0.000112861 0.00100386 0.00152824 0.00100386 0.0129802 0.0147044 0.00152824 0.0147044 0.0213185
F -0.363956 -0.543461 0.00783398
E 0.000114255 0.00103608 0.00154981 0.00103608 0.0136555 0.015212 0.00154981 0.015212 0.0216637
F -0.342154 -0.54324 0.0124016
E 0.000115377 0.00106687 0.00156879 0.00106687 0.0143312 0.0157101 0.00156879 0.0157101 0.021987
F -0.320182 -0.542909 0.0177854
E 0.000116126 0.00109611 0.00158537 0.00109611 0.0150343 0.0162195 0.00158537 0.0162195 0.022317
F -0.297428 -0.542599 0.00944095
E 0.000118757 0.0011331 0.00161976 0.0011331 0.015787 0.0167643 0.00161976 0.0167643 0.0227801
F -0.275326 -0.542337 0.0143053
E 0.000119787 0.00116464 0.00163862 0.00116464 0.0165414 0.0172949 0.00163862 0.0172949 0.0231204
F -0.252969 -0.542019 0.0144901
E 0.000121283 0.00119778 0.00166151 0.00119778 0.0173288 0.0178423 0.00166151 0.0178423 0.0235008
F -0.229903 -0.541783 0.00603751
E 0.000124324 0.00123842 0.00169964 0.00123842 0.0181677 0.0184235 0.00169964 0.0184235 0.0239897
F -0.214813 -0.541662 0.00993498
E 0.000124188 0.00126116 0.0017012 0.00126116 0.0187296 0.0187913 0.0017012 0.0187913 0.0240628
F -0.192138 -0.541469 0.00709086
E 0.00012649 0.00129988 0.00173174 0.00129988 0.0195969 0.0193706 0.00173174 0.0193706 0.0244831
F -0.169831 -0.541332 0.00527667
E 0.000128682 0.00133901 0.00176041 0.00133901 0.0204758 0.0199477 0.00176041 0.0199477 0.024871
F -0.14804 -0.54136 -0.00785899
E 0.000132535 0.00138649 0.00180209 0.00138649 0.0213597 0.0205237 0.00180209 0.0205237 0.0252953
F -0.12583 -0.541516 -0.00624933
E 0.000135342 0.00143134 0.00183417 0.00143134 0.0222862 0.0211145 0.00183417 0.0211145 0.0256583
F -0.104088 -0.541603 -0.00173362
E 0.000137389 0.00147297 0.00185946 0.00147297 0.0232186 0.021698 0.00185946 0.021698 0.025978
F -0.0821302 -0.541775 -0.0139305
E 0.000141811 0.0015263 0.00190516 0.0015263 0.0241866 0.0223028 0.00190516 0.0223028 0.0264079
F -0.0605219 -0.542112 -0.0172952
E 0.000145655 0.00157905 0.00194393 0.00157905 0.025165 0.0229015 0.00194393 0.0229015 0.0267582
F -0.0373897 -0.542572 -0.0224878
E 0.000150985 0.00164062 0.00199698 0.00164062 0.0262418 0.0235582 0.00199698 0.0235582 0.0272291
F -0.015138 -0.543129 -0.027547
E 0.000156295 0.00170377 0.00204736 0.00170377 0.0273062 0.0241964 0.00204736 0.0241964 0.027633
F 0.00737597 -0.543844 -0.0359576
E 0.000162909 0.0017751 0.00210777 0.0017751 0.0284123 0.0248542 0.00210777 0.0248542 0.0280786
F 0.0228706 -0.544425 -0.038957
E 0.000166171 0.00182422 0.00213287 0.00182422 0.0291897 0.0252967 0.00213287 0.0252967 0.0281726
F 0.044485 -0.545219 -0.0344718
E 0.000171207 0.00189035 0.00217744 0.00189035 0.0302987 0.0259309 0.00217744 0.0259309 0.0284859
F 0.0674625 -0.545906 -0.0253265
E 0.000175783 0.00195543 0.00222122 0.00195543 0.0315081 0.026616 0.00222122 0.026616 0.0288643
F 0.0894889 -0.546433 -0.0225235
E 0.000180114 0.0020192 0.00226221 0.0020192 0.032697 0.0272795 0.00226221 0.0272795 0.0292098
F 0.111186 -0.546954 -0.025455
E 0.000185068 0.00208682 0.00230746 0.00208682 0.0338967 0.0279416 0.00230746 0.0279416 0.0295637
F 0.134167 -0.547414 -0.0145841
E 0.000188482 0.00214818 0.00234331 0.00214818 0.0351992 0.0286508 0.00234331 0.0286508 0.0299344
F 0.157031 -0.547728 -0.0129308
E 0.00019245 0.00221244 0.00238416 0.00221244 0.0365277 0.0293679 0.00238416 0.0293679 0.0303421
F 0.179709 -0.548101 -0.0199937
E 0.000197914 0.00228535 0.00243607 0.00228535 0.037878 0.0300919 0.00243607 0.0300919 0.0307903
F 0.202545 -0.548563 -0.0202708
E 0.000202879 0.00235799 0.00248357 0.00235799 0.0392712 0.0308286 0.00248357 0.0308286 0.0312073
F 0.224588 -0.549043 -0.0233466
E 0.000208069 0.00243239 0.00253077 0.00243239 0.0406478 0.0315467 0.00253077 0.0315467 0.0315846
F 0.247484 -0.549615 -0.0266046
E 0.00021422 0.00251396 0.00258623 0.00251396 0.0421117 0.0323051 0.00258623 0.0323051 0.0320245
F 0.262642 -0.550039 -0.0292575
E 0.000217176 0.00256891 0.00260789 0.00256891 0.0430989 0.0327974 0.00260789 0.0327974 0.03211
F 0.284721 -0.550671 -0.0280293
E 0.00022268 0.00264902 0.00265578 0.00264902 0.0445652 0.033535 0.00265578 0.033535 0.0324668
F 0.307322 -0.55136 -0.0328793
E 0.000229724 0.00273907 0.00271575 0.00273907 0.0461002 0.0343031 0.00271575 0.0343031 0.032895
F 0.329836 -0.552058 -0.0290454
E 0.000235492 0.00282396 0.00276552 0.00282396 0.047664 0.0350736 0.00276552 0.0350736 0.0332676
F 0.352379 -0.552705 -0.0286615
E 0.000241713 0.00291178 0.0028182 0.00291178 0.0492649 0.0358551 0.0028182 0.0358551 0.0336601
F 0.374393 -0.55322 -0.0180328
E 0.000245343 0.00298602 0.00285251 0.00298602 0.0508622 0.0366212 0.00285251 0.0366212 0.0339716
F 0.396641 -0.553525 -0.00941647
E 0.000248179 0.00305582 0.00288301 0.00305582 0.0525109 0.0374038 0.00288301 0.0374038 0.0343047
F 0.419548 -0.553628 0.000390779
E 0.000249913 0.00311953 0.00290849 0.00311953 0.0542449 0.0382191 0.00290849 0.0382191 0.0346748
F 0.44199 -0.55363 -0.000433732
E 0.000252584 0.00318795 0.00294043 0.00318795 0.0559803 0.0390287 0.00294043 0.0390287 0.0350665
F 0.46479 -0.553678 -0.00375936
E 0.000256129 0.00326262 0.00297933 0.00326262 0.0577811 0.0398628 0.00297933 0.0398628 0.035499
F 0.487045 -0.553714 0.000524412
E 0.000258081 0.00332871 0.00300545 0.00332871 0.0595752 0.040681 0.00300545 0.040681 0.0358516
F 0.502174 -0.553684 0.0033642
E 0.000258134 0.00337168 0.00300889 0.00337168 0.0608149 0.0412295 0.00300889 0.0412295 0.0359271
F 0.524378 -0.553597 0.00451035
E 0.000259848 0.00343606 0.00303407 0.00343606 0.0626659 0.0420563 0.00303407 0.0420563 0.0362919
F 0.546328 -0.553489 0.00543026
E 0.000261342 0.00349931 0.00305736 0.00349931 0.0645319 0.0428809 0.00305736 0.0428809 0.0366414
F 0.569176 -0.55337 0.00512019
E 0.000263394 0.00356676 0.0030866 0.00356676 0.0665133 0.0437515 0.0030866 0.0437515 0.0370591
F 0.591303 -0.553326 -0.0011691
E 0.000266598 0.00364185 0.00312229 0.00364185 0.0684702 0.0446037 0.00312229 0.0446037 0.0374613
F 0.61373 -0.553376 -0.00322989
E 0.000269787 0.00371871 0.00315766 0.00371871 0.0704922 0.0454756 0.00315766 0.0454756 0.037859
F 0.63614 -0.553587 -0.0155996
E 0.000275894 0.00381501 0.00321328 0.00381501 0.0725521 0.0463613 0.00321328 0.0463613 0.0383248
F 0.659021 -0.554021 -0.0223245
E 0.000282684 0.00391919 0.00327258 0.00391919 0.0746965 0.0472751 0.00327258 0.0472751 0.0387866
F 0.681692 -0.554429 -0.013649
E 0.000286433 0.0040058 0.00330952 0.0040058 0.0768626 0.0481834 0.00330952 0.0481834 0.0391463
F 0.703821 -0.554583 -0.000300558
E 0.000287527 0.00407404 0.00332867 0.00407404 0.0790162 0.0490742 0.00332867 0.0490742 0.0394543
F 0.726837 -0.554583 -0.000291303
E 0.000501004 0.00394265 0.00336293 0.00394265 0.0815097 0.0500165 0.00336293 0.0500165 0.0398825
F 0.749528 -0.554511 0.00664942
E 0.000501879 0.00400957 0.00338331 0.00400957 0.0838024 0.0509509 0.00338331 0.0509509 0.0402512
F 0.772173 -0.554433 0.000306757
E 0.000505184 0.00409233 0.00342115 0.00409233 0.0861335 0.0518977 0.00342115 0.0518977 0.0406918
F 0.786876 -0.554394 0.00494309
E 0.000504873 0.00413743 0.003422 0.00413743 0.0876687 0.0525011 0.003422 0.0525011 0.0407566
F 0.809106 -0.554249 0.0080954
E 0.000505735 0.00420426 0.0034418 0.00420426 0.0900253 0.0534356 0.0034418 0.0534356 0.0411131
F 0.830834 -0.554001 0.0147289
E 0.00050507 0.00425967 0.00345055 0.00425967 0.0923686 0.0543536 0.00345055 0.0543536 0.0414232
F 0.853551 -0.553644 0.0167056
E 0.000504886 0.0043183 0.00346561 0.0043183 0.0948619 0.0553261 0.00346561 0.0553261 0.0418187
F 0.876461 -0.553242 0.0184429
E 0.00050451 0.00437536 0.00348004 0.00437536 0.0974216 0.0563169 0.00348004 0.0563169 0.0422294
F 0.899788 -0.552643 0.0328236
E 0.000500546 0.00440537 0.00347116 0.00440537 0.100073 0.0573317 0.00347116 0.0573317 0.0426091
F 0.922019 -0.551733 0.0490052
E 0.000493803 0.00441038 0.00344167 0.00441038 0.102643 0.0583024 0.00344167 0.0583024 0.0429147
F 0.944511 -0.550445 0.0654736
E 0.000484603 0.00439137 0.00339636 0.00439137 0.105287 0.0592919 0.00339636 0.0592919 0.0432357
F 0.966478 -0.548755 0.0880209
E 0.000471779 0.00433598 0.00332423 0.00433598 0.107909 0.0602615 0.00332423 0.0602615 0.0435119
F 0.988201 -0.546523 0.116766
E 0.000454809 0.00423478 0.00322053 0.00423478 0.110541 0.0612233 0.00322053 0.0612233 0.0437663
F 1.0107 -0.54373 0.130262
E 0.000437507 0.00411663 0.00311249 0.00411663 0.113315 0.0622325 0.00311249 0.0622325 0.0441062
F 1.03337 -0.540474 0.155034
E 0.000416478 0.0039476 0.00296996 0.0039476 0.116151 0.0632533 0.00296996 0.0632533 0.0444257
F 1.05622 -0.536577 0.18277
E 0.000392645 0.00372618 0.00279532 0.00372618 0.119052 0.0642883 0.00279532 0.0642883 0.0447543
F 1.07784 -0.532397 0.199281
E 0.000370112 0.00349223 0.00261577 0.00349223 0.121845 0.0652747 0.00261577 0.0652747 0.0450459
F 1.11399 -0.524491 0.23131
E 0.000341752 0.00299392 0.00239418 0.00299392 0.126605 0.0670565 0.00239418 0.0670565 0.0473152
F 1.13693 -0.518907 0.246306
E 0.000317638 0.0026473 0.00214556 0.0026473 0.129697 0.0681671 0.00214556 0.0681671 0.0477109
F 1.15845 -0.5132 0.272112
E 0.000294522 0.00226187 0.00186936 0.00226187 0.132634 0.0692073 0.00186936 0.0692073 0.0479925
F 1.17952 -0.507089 0.292396
E 0.000273978 0.00184387 0.00157769 0.00184387 0.135556 0.0702327 0.00157769 0.0702327 0.0482695
F 1.20042 -0.500554 0.313797
E 0.00025613 0.0013812 0.00126232 0.0013812 0.138494 0.071254 0.00126232 0.071254 0.0485412
F 1.22124 -0.493552 0.335086
E 0.000241892 0.000871321 0.000922801 0.000871321 0.141462 0.0722768 0.000922801 0.0722768 0.0488169
F 1.24233 -0.485973 0.354942
E 0.000232313 0.000306601 0.000556381 0.000306601 0.144511 0.0733202 0.000556381 0.0733202 0.0491207
F 1.26286 -0.478134 0.374388
E 0.000228397 -0.000292356 0.000173781 -0.000292356 0.147523 0.074341 0.000173781 0.074341 0.049402
F 1.28365 -0.469598 0.404766
E 0.000231397 -0.000977137 -0.000256829 -0.000977137 0.150597 0.0753742 -0.000256829 0.0753742 0.049686
F 1.30471 -0.460258 0.430119
E 0.000243619 -0.0017343 -0.000722094 -0.0017343 0.153759 0.0764303 -0.000722094 0.0764303 0.0500118
F 1.31842 -0.453788 0.452078
E 0.000256132 -0.00226568 -0.00105634 -0.00226568 0.155842 0.0771125 -0.00105634 0.0771125 0.0500698
F 1.33828 -0.443853 0.475623
E 0.000285568 -0.00309643 -0.00155554 -0.00309643 0.158889 0.0781134 -0.00155554 0.0781134 0.050353
F 1.35832 -0.433313 0.492606
E 0.000327665 -0.00398569 -0.00207865 -0.00398569 0.162015 0.0791346 -0.00207865 0.0791346 0.0506793
F 1.37848 -0.422108 0.522098
E 0.000386186 -0.00496943 -0.0026526 -0.00496943 0.165174 0.0801589 -0.0026526 0.0801589 0.0509973
F 1.39722 -0.410963 0.550624
E 0.000457082 -0.00596304 -0.00322941 -0.00596304 0.168147 0.081114 -0.00322941 0.081114 0.0512507
F 1.41608 -0.398998 0.580208
E 0.000548214 -0.00704759 -0.00385079 -0.00704759 0.171168 0.0820785 -0.00385079 0.0820785 0.0515286
F 1.43451 -0.386307 0.625859
E 0.000664384 -0.00823526 -0.00452859 -0.00823526 0.174115 0.0830125 -0.00452859 0.0830125 0.0517947
F 1.45304 -0.372316 0.667363
E 0.000812261 -0.00955108 -0.00527092 -0.00955108 0.177114 0.0839585 -0.00527092 0.0839585 0.0521057
F 1.46979 -0.358469 0.714672
E 0.000980286 -0.0108727 -0.00601713 -0.0108727 0.179829 0.084808 -0.00601713 0.084808 0.0523424
F 1.48708 -0.342528 0.77491
E 0.00120389 -0.0124179 -0.0068833 -0.0124179 0.182615 0.0856768 -0.0068833 0.0856768 0.0526743
F 1.50259 -0.326595 0.822658
E 0.00145115 -0.0139554 -0.00774465 -0.0139554 0.185155 0.0864645 -0.00774465 0.0864645 0.0529339
F 1.5129 -0.315234 0.844707
E 0.00163836 -0.0150405 -0.00835435 -0.0150405 0.186901 0.0869998 -0.00835435 0.0869998 0.0529949
F 1.52743 -0.298301 0.878861
E 0.00194851 -0.0166821 -0.00926163 -0.0166821 0.18934 0.0877497 -0.00926163 0.0877497 0.0532651
F 1.54112 -0.281249 0.909549
E 0.002291 -0.0183457 -0.0101774 -0.0183457 0.191663 0.0884608 -0.0101774 0.0884608 0.0535181
F 1.55472 -0.263051 0.948412
E 0.00269427 -0.0201412 -0.0111632 -0.0201412 0.193956 0.0891606 -0.0111632 0.0891606 0.0538043
F 1.56766 -0.244143 0.993238
E 0.00315355 -0.0220198 -0.0121955 -0.0220198 0.196122 0.0898197 -0.0121955 0.0898197 0.054097
F 1.57939 -0.2253 1.03448
E 0.00364848 -0.0238952 -0.0132275 -0.0238952 0.198099 0.0904196 -0.0132275 0.0904196 0.0543558
F 1.59018 -0.206181 1.07995
E 0.00419163 -0.0258038 -0.014281 -0.0258038 0.1999 0.0909645 -0.014281 0.0909645 0.0546022
F 1.60036 -0.186312 1.11408
E 0.00479462 -0.027784 -0.0153722 -0.027784 0.201639 0.0914898 -0.0153722 0.0914898 0.0548733
F 1.60977 -0.166243 1.15074
E 0.00544842 -0.0297894 -0.0164808 -0.0297894 0.203233 0.0919709 -0.0164808 0.0919709 0.0551337
F 1.61889 -0.14453 1.19563
E 0.00620928 -0.0319603 -0.0176867 -0.0319603 0.204739 0.0924249 -0.0176867 0.0924249 0.055461
F 1.62682 -0.123095 1.23773
E 0.00700968 -0.034098 -0.0188826 -0.034098 0.206044 0.0928179 -0.0188826 0.0928179 0.0557519
F 1.6335 -0.102229 1.28361
E 0.00783803 -0.0361711 -0.020054 -0.0361711 0.207113 0.0931395 -0.020054 0.0931395 0.0559966
F 1.63761 -0.0873312 1.31947
E 0.00845505 -0.0376449 -0.0208944 -0.0376449 0.207781 0.0933403 -0.0208944 0.0933403 0.0560574
F 1.64271 -0.0651837 1.36949
E 0.00942401 -0.0398157 -0.0221415 -0.0398157 0.208533 0.0935646 -0.0221415 0.0935646 0.056341
F 1.64676 -0.0431231 1.40896
E 0.0104397 -0.0419627 -0.0233864 -0.0419627 0.209133 0.0937436 -0.0233864 0.0937436 0.056612
F 1.64989 -0.0211439 1.45034
E 0.0115053 -0.0440831 -0.024632 -0.0440831 0.209552 0.093868 -0.024632 0.093868 0.0568709
F 1.652 0.000573292 1.49745
E 0.012611 -0.0461517 -0.0258678 -0.0461517 0.209762 0.0939281 -0.0258678 0.0939281 0.0571116
F 1.65323 0.0229731 1.53469
E 0.0138049 -0.0482645 -0.0271454 -0.0482645 0.20984 0.0939478 -0.0271454 0.0939478 0.0573847
F 1.65356 0.0457289 1.57708
E 0.0150751 -0.0503787 -0.0284482 -0.0503787 0.209728 0.093908 -0.0284482 0.093908 0.0576706
F 1.65302 0.0682699 1.61317
E 0.0163896 -0.0524472 -0.0297444 -0.0524472 0.209477 0.093825 -0.0297444 0.093825 0.0579506
F 1.65165 0.0910827 1.64834
E 0.0177779 -0.0545096 -0.0310617 -0.0545096 0.209074 0.0936936 -0.0310617 0.0936936 0.0582479
F 1.64962 0.112817 1.67949
E 0.0191547 -0.0564479 -0.0323232 -0.0564479 0.208572 0.0935308 -0.0323232 0.0935308 0.0584983
F 1.64696 0.134175 1.70938
E 0.0205597 -0.0583232 -0.0335677 -0.0583232 0.20796 0.0933328 -0.0335677 0.0933328 0.058736
F 1.6436 0.155972 1.73837
E 0.0220474 -0.0602049 -0.0348427 -0.0602049 0.207219 0.0930915 -0.0348427 0.0930915 0.0590008
F 1.64087 0.171051 1.76086
E 0.0231079 -0.0614922 -0.0357291 -0.0614922 0.20665 0.0929093 -0.0357291 0.0929093 0.0590613
F 1.63626 0.193306 1.78974
E 0.0247211 -0.0633479 -0.0370373 -0.0633479 0.205679 0.09259 -0.0370373 0.09259 0.0593617
F 1.63099 0.215493 1.81771
E 0.0263861 -0.0651583 -0.038348 -0.0651583 0.204596 0.0922311 -0.038348 0.0922311 0.0596681
F 1.6251 0.237403 1.84983
E 0.0280836 -0.0668948 -0.039647 -0.0668948 0.203385 0.0918274 -0.039647 0.0918274 0.0599608
F 1.6184 0.259368 1.88352
E 0.0298395 -0.0685812 -0.0409544 -0.0685812 0.202028 0.0913706 -0.0409544 0.0913706 0.060266
F 1.61125 0.28038 1.91387
E 0.0315719 -0.0701483 -0.0422118 -0.0701483 0.200613 0.0908912 -0.0422118 0.0908912 0.0605356
F 1.60315 0.302016 1.94409
E 0.0334092 -0.071707 -0.0435124 -0.071707 0.199031 0.0903485 -0.0435124 0.0903485 0.0608546
F 1.59476 0.322793 1.9651
E 0.0352308 -0.0731696 -0.0447721 -0.0731696 0.197444 0.089799 -0.0447721 0.089799 0.0611551
F 1.58588 0.343446 1.98925
E 0.0370895 -0.0745692 -0.0460286 -0.0745692 0.195767 0.0892122 -0.0460286 0.0892122 0.061452
F 1.57677 0.363342 2.01116
E 0.0389293 -0.0758722 -0.0472455 -0.0758722 0.194073 0.0886136 -0.0472455 0.0886136 0.0617221
F 1.56694 0.383486 2.03826
E 0.0408349 -0.0771269 -0.0484796 -0.0771269 0.192245 0.08796 -0.0484796 0.08796 0.0620088
F 1.55656 0.403756 2.04982
E 0.0428167 -0.0783685 -0.0497387 -0.0783685 0.190388 0.0872852 -0.0497387 0.0872852 0.0623628
F 1.54975 0.416636 2.06434
E 0.0440988 -0.0791299 -0.0505373 -0.0791299 0.18917 0.0868466 -0.0505373 0.0868466 0.0624158
F 1.53856 0.437219 2.07278
E 0.0461992 -0.0803176 -0.0518279 -0.0803176 0.187209 0.0861174 -0.0518279 0.0861174 0.0628283
F 1.52767 0.456572 2.09411
E 0.0482069 -0.0813616 -0.053038 -0.0813616 0.185273 0.0853928 -0.053038 0.0853928 0.0631169
F 1.51597 0.476364 2.11519
E 0.0503074 -0.0823695 -0.0542822 -0.0823695 0.183216 0.0846108 -0.0542822 0.0846108 0.0634514
F 1.50363 0.496024 2.14794
E 0.0524246 -0.0832733 -0.0555146 -0.0832733 0.181033 0.0837695 -0.0555146 0.0837695 0.0637724
F 1.49116 0.514587 2.17638
E 0.0544701 -0.0840587 -0.0566858 -0.0840587 0.178871 0.0829256 -0.0566858 0.0829256 0.0640537
F 1.4777 0.53328 2.21354
E 0.0565567 -0.084744 -0.0578625 -0.084744 0.176541 0.0820016 -0.0578625 0.0820016 0.0643585
F 1.46352 0.551187 2.26756
E 0.0585617 -0.0852511 -0.058977 -0.0852511 0.174079 0.0810102 -0.058977 0.0810102 0.0646497
F 1.4489 0.568009 2.305
E 0.0605007 -0.0856506 -0.0600407 -0.0856506 0.171628 0.0800084 -0.0600407 0.0800084 0.0649153
F 1.43325 0.584453 2.35792
E 0.0623938 -0.085887 -0.0610673 -0.085887 0.169009 0.0789187 -0.0610673 0.0789187 0.0651989
F 1.4172 0.599575 2.41393
E 0.0641455 -0.0859583 -0.062007 -0.0859583 0.166368 0.0778013 -0.062007 0.0778013 0.0654548
F 1.40534 0.609678 2.4581
E 0.0653393 -0.0859318 -0.0626372 -0.0859318 0.164465 0.0769921 -0.0626372 0.0769921 0.0655207
F 1.3885 0.622718 2.5074
E 0.0668797 -0.0857603 -0.0634492 -0.0857603 0.161798 0.0758322 -0.0634492 0.0758322 0.0657403
F 1.37054 0.635082 2.56955
E 0.0683163 -0.0854092 -0.0642032 -0.0854092 0.15899 0.074585 -0.0642032 0.074585 0.0659934
F 1.35155 0.646555 2.62709
E 0.0696573 -0.0849058 -0.0649043 -0.0849058 0.15609 0.0732697 -0.0649043 0.0732697 0.0662573
F 1.33168 0.656971 2.69032
E 0.0708527 -0.0842309 -0.0655292 -0.0842309 0.153118 0.0718905 -0.0655292 0.0718905 0.0665399
F 1.31068 0.666421 2.74696
E 0.0719414 -0.0834008 -0.0660993 -0.0834008 0.15006 0.0704363 -0.0660993 0.0704363 0.0668422
F 1.29029 0.674087 2.81707
E 0.0727689 -0.0824479 -0.0665348 -0.0824479 0.14715 0.0690193 -0.0665348 0.0690193 0.067111
F 1.26845 0.680658 2.88168
E 0.0734584 -0.0813149 -0.066903 -0.0813149 0.144118 0.0675037 -0.066903 0.0675037 0.0674137
F 1.24647 0.685761 2.94528
E 0.0739563 -0.0800675 -0.0671745 -0.0800675 0.141147 0.0659795 -0.0671745 0.0659795 0.0677032
F 1.22485 0.689291 3.01426
E 0.0742315 -0.0787317 -0.0673334 -0.0787317 0.138303 0.064481 -0.0673334 0.064481 0.0679742
F 1.20295 0.691364 3.08014
E 0.0743179 -0.0772891 -0.0673974 -0.0772891 0.135502 0.0629649 -0.0673974 0.0629649 0.0682425
F 1.17994 0.692151 3.13467
E 0.0742569 -0.0757076 -0.0673896 -0.0757076 0.132642 0.0613705 -0.0673896 0.0613705 0.0685427
F 1.15761 0.691488 -3.07533
E 0.07395 -0.0740705 -0.0672566 -0.0740705 0.12995 0.0598234 -0.0672566 0.0598234 0.0688437
F 1.13582 0.689447 -3.02096
E 0.0735189 -0.0724256 -0.0670548 -0.0724256 0.127395 0.0583146 -0.0670548 0.0583146 0.0690906
F 1.1217 0.687483 -2.98595
E 0.0731902 -0.0713426 -0.0668886 -0.0713426 0.125771 0.0573407 -0.0668886 0.0573407 0.069135
F 1.09959 0.68341 -2.93281
E 0.0724926 -0.0695859 -0.0665482 -0.0695859 0.1233 0.0558089 -0.0665482 0.0558089 0.0694082
F 1.07784 0.678125 -2.87378
E 0.0716246 -0.0678031 -0.0661149 -0.0678031 0.120945 0.0543032 -0.0661149 0.0543032 0.0696825
F 1.05643 0.671612 -2.81877
E 0.070615 -0.0660053 -0.065601 -0.0660053 0.118696 0.0528192 -0.065601 0.0528192 0.0699524
F 1.03578 0.664266 -2.78093
E 0.0695558 -0.0642503 -0.0650522 -0.0642503 0.116576 0.0513776 -0.0650522 0.0513776 0.0702002
F 1.0147 0.655778 -2.73641
E 0.068339 -0.0624331 -0.0644131 -0.0624331 0.114485 0.0499072 -0.0644131 0.0499072 0.0704831
F 0.994346 0.646418 -2.68485
E 0.0670095 -0.0606476 -0.0637008 -0.0606476 0.112535 0.0484905 -0.0637008 0.0484905 0.0707519
F 0.974382 0.636085 -2.64309
E 0.065599 -0.0588764 -0.0629318 -0.0588764 0.110672 0.0470924 -0.0629318 0.0470924 0.0710241
F 0.954708 0.624931 -2.60865
E 0.064123 -0.05712 -0.0621132 -0.05712 0.108886 0.0457054 -0.0621132 0.0457054 0.0713096
F 0.935368 0.613077 -2.57474
E 0.0625833 -0.0553872 -0.0612427 -0.0553872 0.107184 0.0443382 -0.0612427 0.0443382 0.0715994
F 0.916945 0.600951 -2.5442
E 0.0610435 -0.0537338 -0.0603535 -0.0537338 0.10561 0.0430308 -0.0603535 0.0430308 0.0718618
F 0.898261 0.587891 -2.51892
E 0.0594263 -0.0520596 -0.0594035 -0.0520596 0.104059 0.0416943 -0.0594035 0.0416943 0.0721736
F 0.886216 0.579147 -2.50845
E 0.0583787 -0.0509869 -0.0587676 -0.0509869 0.103073 0.0408279 -0.0587676 0.0408279 0.0722352
F 0.868452 0.565985 -2.4994
E 0.0568279 -0.0494208 -0.0578281 -0.0494208 0.101657 0.0395349 -0.0578281 0.0395349 0.072558
F 0.850274 0.552185 -2.48506
E 0.0552187 -0.0478411 -0.0568322 -0.0478411 0.100261 0.0382111 -0.0568322 0.0382111 0.0729044
F 0.832337 0.538177 -2.47207
E 0.0536174 -0.0463039 -0.0558182 -0.0463039 0.0989305 0.0368976 -0.0558182 0.0368976 0.0732517
F 0.814541 0.523713 -2.44619
E 0.0519709 -0.0447975 -0.0547471 -0.0447975 0.0976708 0.0356049 -0.0547471 0.0356049 0.0735701
F 0.796999 0.508771 -2.42591
E 0.0503161 -0.0433259 -0.0536447 -0.0433259 0.0964685 0.0343191 -0.0536447 0.0343191 0.0739102
F 0.780214 0.493941 -2.41001
E 0.0487158 -0.0419362 -0.0525501 -0.0419362 0.0953557 0.0330799 -0.0525501 0.0330799 0.0742253
F 0.762861 0.477991 -2.38659
E 0.0470202 -0.0405206 -0.0513603 -0.0405206 0.0942577 0.031802 -0.0513603 0.031802 0.0745892
F 0.747364 0.462983 -2.35788
E 0.0454536 -0.0392707 -0.0502235 -0.0392707 0.0933196 0.030667 -0.0502235 0.030667 0.074831
F 0.7317 0.446895 -2.32775
E 0.0438142 -0.038017 -0.0490026 -0.038017 0.0924097 0.0295188 -0.0490026 0.0295188 0.0751143
F 0.716006 0.42988 -2.30392
E 0.0421362 -0.0367716 -0.0477175 -0.0367716 0.0915284 0.0283559 -0.0477175 0.0283559 0.0754506
F 0.701418 0.413158 -2.27237
E 0.0405224 -0.0356292 -0.0464376 -0.0356292 0.0907498 0.0272843 -0.0464376 0.0272843 0.0757182
F 0.691924 0.401672 -2.25072
E 0.0394477 -0.0348886 -0.0455555 -0.0348886 0.0902526 0.0265821 -0.0455555 0.0265821 0.0757724
F 0.678147 0.383811 -2.20487
E 0.0377943 -0.0338217 -0.0441708 -0.0338217 0.089582 0.0255912 -0.0441708 0.0255912 0.0760472
F 0.665317 0.365734 -2.17126
E 0.0361893 -0.0328226 -0.0427782 -0.0328226 0.0889719 0.024653 -0.0427782 0.024653 0.076311
F 0.642064 0.328776 -2.09352
E 0.0330496 -0.0310027 -0.0400491 -0.0310027 0.0880747 0.0230339 -0.0400491 0.0230339 0.0802028
F 0.631077 0.308743 -2.05138
E 0.0314474 -0.0301372 -0.0384201 -0.0301372 0.0876213 0.0222139 -0.0384201 0.0222139 0.0804934
F 0.621154 0.288824 -2.01452
E 0.0299266 -0.0293451 -0.0367998 -0.0293451 0.0872245 0.0214688 -0.0367998 0.0214688 0.080758
F 0.612118 0.268469 -1.96265
E 0.028436 -0.0286134 -0.0351306 -0.0286134 0.0868933 0.0208205 -0.0351306 0.0208205 0.0810206
F 0.606418 0.254085 -1.9335
E 0.0274323 -0.0281303 -0.0339543 -0.0281303 0.0866769 0.0203916 -0.0339543 0.0203916 0.0810816
F 0.59913 0.233541 -1.88996
E 0.0260565 -0.0274948 -0.0322725 -0.0274948 0.0864245 0.0198706 -0.0322725 0.0198706 0.0813214
F 0.592386 0.211758 -1.85206
E 0.0246791 -0.0268722 -0.0304909 -0.0268722 0.0861974 0.0193869 -0.0304909 0.0193869 0.0816128
F 0.586433 0.189326 -1.8084
E 0.023344 -0.0262847 -0.0286495 -0.0262847 0.0860127 0.0189795 -0.0286495 0.0189795 0.0819218
F 0.581621 0.16806 -1.77824
E 0.0221588 -0.0257628 -0.0269028 -0.0257628 0.0858596 0.0186369 -0.0269028 0.0186369 0.0821724
F 0.577264 0.145605 -1.74668
E 0.0209901 -0.0252463 -0.0250545 -0.0252463 0.0857293 0.0183368 -0.0250545 0.0183368 0.0824761
F 0.57381 0.122982 -1.69789
E 0.0198981 -0.0247684 -0.0231827 -0.0247684 0.08565 0.0181443 -0.0231827 0.0181443 0.0827673
F 0.571226 0.100007 -1.66773
E 0.0188782 -0.0243056 -0.0212813 -0.0243056 0.0855863 0.0179894 -0.0212813 0.0179894 0.0830874
F 0.569281 0.0778777 -1.64919
E 0.017979 -0.023874 -0.0194449 -0.023874 0.0855346 0.0178636 -0.0194449 0.0178636 0.0833839
F 0.567831 0.055974 -1.62461
E 0.0171696 -0.0234627 -0.0176199 -0.0234627 0.0855055 0.0177896 -0.0176199 0.0177896 0.0836516
F 0.567192 0.0417596 -1.60678
E 0.0166859 -0.0232027 -0.0164305 -0.0232027 0.0854925 0.0177576 -0.0164305 0.0177576 0.0836978
F 0.566531 0.0194804 -1.59412
E 0.0159981 -0.0227986 -0.0145692 -0.0227986 0.085482 0.0177291 -0.0145692 0.0177291 0.0840177
F 0.56599 -0.00352769 -1.59439
E 0.0153749 -0.0223815 -0.0126494 -0.0223815 0.0854664 0.0176952 -0.0126494 0.0176952 0.0844472
F 0.565437 -0.0268028 -1.59466
E 0.014835 -0.0219609 -0.0106917 -0.0219609 0.0854494 0.0176542 -0.0106917 0.0176542 0.0848973
F 0.564993 -0.0493996 -1.58628
E 0.014398 -0.0215569 -0.0087774 -0.0215569 0.0854434 0.0176363 -0.0087774 0.0176363 0.0852536
F 0.564569 -0.0721519 -1.59258
E 0.0140452 -0.0211494 -0.00684395 -0.0211494 0.0854258 0.0175921 -0.00684395 0.0175921 0.0857023
F 0.564148 -0.0955635 -1.58492
E 0.0137751 -0.0207331 -0.00484252 -0.0207331 0.0854207 0.017576 -0.00484252 0.017576 0.0861179
F 0.56403 -0.117873 -1.56728
E 0.0136051 -0.0203387 -0.00292448 -0.0203387 0.0854336 0.0176034 -0.00292448 0.0176034 0.0864224
F 0.564285 -0.140005 -1.55129
E 0.0135211 -0.0199468 -0.00101506 -0.0199468 0.0854581 0.0176599 -0.00101506 0.0176599 0.086722
F 0.56479 -0.162462 -1.5453
E 0.013522 -0.019547 0.000928991 -0.019547 0.0854835 0.0177203 0.000928991 0.0177203 0.0870801
F 0.565395 -0.185266 -1.54323
E 0.0136124 -0.0191384 0.00291091 -0.0191384 0.0855094 0.0177826 0.00291091 0.0177826 0.0874817
F 0.565895 -0.200635 -1.53332
E 0.0137232 -0.0188617 0.00425462 -0.0188617 0.0855334 0.0178404 0.00425462 0.0178404 0.0875528
F 0.56671 -0.222677 -1.53443
E 0.0139556 -0.0184614 0.00618186 -0.0184614 0.0855638 0.0179143 0.00618186 0.0179143 0.0879198
F 0.567684 -0.245327 -1.52127
E 0.0142837 -0.0180424 0.00816963 -0.0180424 0.0856127 0.0180314 0.00816963 0.0180314 0.0882611
F 0.568917 -0.267416 -1.50883
E 0.0146903 -0.0176263 0.010116 -0.0176263 0.0856701 0.0181696 0.010116 0.0181696 0.088572
F 0.570284 -0.288971 -1.50599
E 0.0151697 -0.0172154 0.012023 -0.0172154 0.0857245 0.0183013 0.012023 0.0183013 0.0888906
F 0.571731 -0.311539 -1.50761
E 0.0157602 -0.0167801 0.014027 -0.0167801 0.0857788 0.0184331 0.014027 0.0184331 0.0892991
F 0.573269 -0.335123 -1.50375
E 0.0164746 -0.0163161 0.0161295 -0.0163161 0.0858424 0.0185864 0.0161295 0.0185864 0.0897515
F 0.574673 -0.35816 -1.51613
E 0.0172684 -0.015865 0.0181945 -0.015865 0.0858865 0.0186948 0.0181945 0.0186948 0.0902724
F 0.575878 -0.380845 -1.5193
E 0.018143 -0.0154154 0.0202396 -0.0154154 0.0859316 0.0188036 0.0202396 0.0188036 0.0906979
F 0.576931 -0.402731 -1.5262
E 0.0190748 -0.0149817 0.0222223 -0.0149817 0.0859676 0.0188909 0.0222223 0.0188909 0.0910887
F 0.577815 -0.42481 -1.53534
E 0.0201029 -0.0145459 0.0242305 -0.0145459 0.0859956 0.0189587 0.0242305 0.0189587 0.0915074
F 0.578398 -0.447558 -1.55503
E 0.0212552 -0.014109 0.0263066 -0.014109 0.0860029 0.0189777 0.0263066 0.0189777 0.0920648
F 0.57855 -0.462961 -1.56678
E 0.0220879 -0.013817 0.0277239 -0.013817 0.0860022 0.0189759 0.0277239 0.0189759 0.0921773
F 0.578578 -0.485141 -1.57231
E 0.0233653 -0.0133968 0.0297638 -0.0133968 0.0860009 0.0189714 0.0297638 0.0189714 0.0925785
F 0.578382 -0.507766 -1.58661
E 0.0247614 -0.0129822 0.0318513 -0.0129822 0.0859834 0.018928 0.0318513 0.018928 0.093077
F 0.577873 -0.530668 -1.59944
E 0.026271 -0.0125739 0.033975 -0.0125739 0.0859554 0.0188577 0.033975 0.0188577 0.093587
F 0.577073 -0.55256 -1.61517
E 0.0278042 -0.0122008 0.0360155 -0.0122008 0.0859142 0.0187537 0.0360155 0.0187537 0.0940396
F 0.575931 -0.575563 -1.62562
E 0.0295124 -0.0118201 0.0381693 -0.0118201 0.085865 0.0186271 0.0381693 0.0186271 0.0945409
F 0.574655 -0.5978 -1.63058
E 0.0312584 -0.0114596 0.0402644 -0.0114596 0.0858159 0.0184985 0.0402644 0.0184985 0.0949451
F 0.573237 -0.620512 -1.63578
E 0.0331382 -0.0111024 0.0424127 -0.0111024 0.0857617 0.0183553 0.0424127 0.0183553 0.0953865
F 0.571566 -0.643623 -1.65012
E 0.0351497 -0.0107657 0.0446046 -0.0107657 0.085691 0.0181668 0.0446046 0.0181668 0.0959322
F 0.569711 -0.665385 -1.66158
E 0.0371363 -0.0104672 0.0466823 -0.0104672 0.085617 0.0179663 0.0466823 0.0179663 0.0963481
F 0.567435 -0.687698 -1.68331
E 0.0392643 -0.0102001 0.0488154 -0.0102001 0.0855205 0.017701 0.0488154 0.017701 0.0968961
F 0.565788 -0.702428 -1.68105
E 0.0407243 -0.0100199 0.050242 -0.0100199 0.0854641 0.0175445 0.050242 0.0175445 0.0969663
F 0.563099 -0.724997 -1.69769
E 0.0430387 -0.00978338 0.0524141 -0.00978338 0.0853596 0.0172477 0.0524141 0.0172477 0.0974935
F 0.56029 -0.747687 -1.69023
E 0.0454727 -0.00953296 0.0546204 -0.00953296 0.0852723 0.0169911 0.0546204 0.0169911 0.0978713
F 0.557547 -0.770703 -1.68864
E 0.0480423 -0.00929294 0.0568644 -0.00929294 0.085184 0.0167272 0.0568644 0.0167272 0.0983022
F 0.554759 -0.793978 -1.69138
E 0.0507445 -0.00906965 0.0591413 -0.00906965 0.0850923 0.0164479 0.0591413 0.0164479 0.0987808
F 0.552078 -0.816266 -1.68958
E 0.0534331 -0.00886246 0.0613357 -0.00886246 0.0850087 0.0161877 0.0613357 0.0161877 0.0991587
F 0.549319 -0.838839 -1.69524
E 0.0562531 -0.00867843 0.0635628 -0.00867843 0.0849186 0.015902 0.0635628 0.015902 0.0996019
F 0.546567 -0.860409 -1.70014
E 0.0590419 -0.00852141 0.0657021 -0.00852141 0.0848306 0.0156175 0.0657021 0.0156175 0.0999695
F 0.543621 -0.882819 -1.70294
E 0.0620382 -0.00837363 0.0679325 -0.00837363 0.08474 0.0153169 0.0679325 0.0153169 0.100384
F 0.540602 -0.904768 -1.71203
E 0.0650668 -0.00826154 0.0701234 -0.00826154 0.0846446 0.0149935 0.0701234 0.0149935 0.100807
F 0.537371 -0.927536 -1.71141
E 0.0683154 -0.00815022 0.0724101 -0.00815022 0.0845519 0.0146687 0.0724101 0.0146687 0.10123
F 0.534436 -0.948522 -1.70818
E 0.0714026 -0.00805399 0.0745292 -0.00805399 0.0844707 0.0143782 0.0745292 0.0143782 0.101523
F 0.531367 -0.971133 -1.7032
E 0.0748301 -0.00795298 0.0768179 -0.00795298 0.0843895 0.0140785 0.0768179 0.0140785 0.10191
F 0.528366 -0.992865 -1.71284
E 0.0782143 -0.00789921 0.0790202 -0.00789921 0.0843022 0.013751 0.0790202 0.013751 0.10232
F 0.525086 -1.01591 -1.71157
E 0.0819146 -0.00784401 0.0813688 -0.00784401 0.0842168 0.0134185 0.0813688 0.0134185 0.102761
F 0.523057 -1.03068 -1.70307
E 0.0843432 -0.0078028 0.0828866 -0.0078028 0.0841667 0.0132228 0.0828866 0.0132228 0.102825
F 0.520241 -1.052 -1.70128
E 0.0879273 -0.00775519 0.0850727 -0.00775519 0.0840962 0.0129372 0.0850727 0.0129372 0.103143
F 0.517218 -1.07429 -1.70979
E 0.09177 -0.00774553 0.0873596 -0.00774553 0.0840164 0.0126057 0.0873596 0.0126057 0.103587
F 0.51408 -1.0966 -1.71129
E 0.0957209 -0.00774639 0.0896611 -0.00774639 0.08394 0.012277 0.0896611 0.012277 0.103989
F 0.51081 -1.11893 -1.72122
E 0.099772 -0.00779171 0.0919683 -0.00779171 0.0838578 0.0119133 0.0919683 0.0119133 0.104448
F 0.507444 -1.14053 -1.7295
E 0.103791 -0.00786672 0.0942124 -0.00786672 0.0837767 0.0115422 0.0942124 0.0115422 0.104845
F 0.50358 -1.16313 -1.75084
E 0.108088 -0.00802451 0.0965568 -0.00802451 0.0836805 0.0110842 0.0965568 0.0110842 0.105434
F 0.499356 -1.1847 -1.7775
E 0.112281 -0.00825908 0.0988026 -0.00825908 0.0835784 0.0105747 0.0988026 0.0105747 0.105991
F 0.494493 -1.20649 -1.80322
E 0.116612 -0.00857628 0.101081 -0.00857628 0.0834687 0.0099951 0.101081 0.0099951 0.106569
F 0.489263 -1.22793 -1.81685
E 0.120984 -0.00893153 0.103344 -0.00893153 0.0833636 0.00940236 0.103344 0.00940236 0.107019
F 0.483553 -1.24975 -1.83656
E 0.125523 -0.00937406 0.10565 -0.00937406 0.0832542 0.0087395 0.10565 0.0087395 0.107559
F 0.477583 -1.27088 -1.85594
E 0.13001 -0.00987693 0.107892 -0.00987693 0.083149 0.00804726 0.107892 0.00804726 0.108045
F 0.470963 -1.29258 -1.87769
E 0.134714 -0.0104828 0.110201 -0.0104828 0.0830424 0.00727308 0.110201 0.00727308 0.108617
F 0.464014 -1.31368 -1.90026
E 0.139379 -0.0111636 0.112455 -0.0111636 0.0829423 0.006458 0.112455 0.006458 0.109154
F 0.458977 -1.32795 -1.91986
E 0.142588 -0.0116776 0.113997 -0.0116776 0.0828772 0.00587509 0.113997 0.00587509 0.109283
F 0.451245 -1.3486 -1.93854
E 0.147309 -0.0124987 0.116218 -0.0124987 0.0827909 0.00497869 0.116218 0.00497869 0.109771
F 0.443075 -1.36918 -1.95886
E 0.152101 -0.0134122 0.118437 -0.0134122 0.0827155 0.00402555 0.118437 0.00402555 0.110281
F 0.434447 -1.38971 -1.97847
E 0.15697 -0.0144178 0.12066 -0.0144178 0.0826539 0.00301838 0.12066 0.00301838 0.110795
F 0.425365 -1.4102 -1.99724
E 0.161923 -0.0155177 0.122889 -0.0155177 0.0826088 0.00195744 0.122889 0.00195744 0.111315
F 0.415984 -1.43042 -2.01317
E 0.166903 -0.0166902 0.125101 -0.0166902 0.0825834 0.000865421 0.125101 0.000865421 0.111799
F 0.405825 -1.45122 -2.03741
E 0.172092 -0.018028 0.127367 -0.018028 0.08258 -0.000343382 0.127367 -0.000343382 0.11244
F 0.395257 -1.47161 -2.0603
E 0.177273 -0.0194626 0.129603 -0.0194626 0.0826037 -0.00160111 0.129603 -0.00160111 0.113049
F 0.384064 -1.49222 -2.07645
E 0.182617 -0.0210128 0.131883 -0.0210128 0.0826583 -0.00292102 0.131883 -0.00292102 0.113637
F 0.373046 -1.51186 -2.0874
E 0.187812 -0.0225739 0.134079 -0.0225739 0.0827406 -0.00421147 0.134079 -0.00421147 0.114101
F 0.362082 -1.53082 -2.103
E 0.192891 -0.0241844 0.136199 -0.0241844 0.0828519 -0.00551032 0.136199 -0.00551032 0.114552
F 0.350524 -1.54992 -2.12692
E 0.198061 -0.0259477 0.138325 -0.0259477 0.083003 -0.00690515 0.138325 -0.00690515 0.115112
F 0.338576 -1.56862 -2.15166
E 0.203193 -0.0278149 0.140413 -0.0278149 0.0831942 -0.00835308 0.140413 -0.00835308 0.115669
F 0.326051 -1.58724 -2.17446
E 0.208381 -0.029811 0.142502 -0.029811 0.0834322 -0.00987134 0.142502 -0.00987134 0.116228
F 0.317532 -1.59939 -2.19021
E 0.211822 -0.0311823 0.143893 -0.0311823 0.0836134 -0.010888 0.143893 -0.010888 0.116337
F 0.304487 -1.61723 -2.21375
E 0.216907 -0.0333354 0.145902 -0.0333354 0.0839299 -0.0124756 0.145902 -0.0124756 0.116874
F 0.290785 -1.63533 -2.22382
E 0.222188 -0.0356116 0.147973 -0.0356116 0.0843013 -0.0141169 0.147973 -0.0141169 0.117345
F 0.276712 -1.65302 -2.26209
E 0.227296 -0.0380611 0.149938 -0.0380611 0.0847457 -0.0158797 0.149938 -0.0158797 0.118105
F 0.261562 -1.67111 -2.27354
E 0.232712 -0.0406777 0.15202 -0.0406777 0.0852642 -0.0177174 0.15202 -0.0177174 0.118664
F 0.246925 -1.68811 -2.29018
E 0.23784 -0.0432695 0.153977 -0.0432695 0.0858217 -0.0195102 0.153977 -0.0195102 0.119166
F 0.231464 -1.70534 -2.3137
E 0.243072 -0.0460699 0.155947 -0.0460699 0.0864734 -0.0214299 0.155947 -0.0214299 0.1198
F 0.216209 -1.72154 -2.33853
E 0.248038 -0.0488768 0.157806 -0.0488768 0.0871761 -0.0233322 0.157806 -0.0233322 0.120363
F 0.200478 -1.73767 -2.34876
E 0.253111 -0.0517857 0.159698 -0.0517857 0.0879508 -0.0252676 0.159698 -0.0252676 0.120822
F 0.18483 -1.75341 -2.35779
E 0.258125 -0.0547288 0.161555 -0.0547288 0.0887812 -0.0271962 0.161555 -0.0271962 0.121247
F 0.169154 -1.76871 -2.37896
E 0.26299 -0.0577465 0.163337 -0.0577465 0.0896847 -0.0291611 0.163337 -0.0291611 0.121745
F 0.158516 -1.77877 -2.38945
E 0.266251 -0.0598039 0.164542 -0.0598039 0.0903258 -0.0304739 0.164542 -0.0304739 0.121835
F 0.14229 -1.79383 -2.39789
E 0.27119 -0.0629765 0.166331 -0.0629765 0.0913574 -0.0324878 0.166331 -0.0324878 0.122252
F 0.125912 -1.80864 -2.41478
E 0.276053 -0.066241 0.168076 -0.066241 0.0924738 -0.0345454 0.168076 -0.0345454 0.122727
F 0.108216 -1.82402 -2.43735
E 0.281119 -0.0698201 0.169869 -0.0698201 0.0937633 -0.0367945 0.169869 -0.0367945 0.12338
F 0.0910695 -1.83817 -2.4656
E 0.285788 -0.0733289 0.171513 -0.0733289 0.0950948 -0.0389922 0.171513 -0.0389922 0.123977
F 0.0740829 -1.85155 -2.48327
E 0.290298 -0.0768179 0.173103 -0.0768179 0.0964768 -0.0411527 0.173103 -0.0411527 0.124424
F 0.0560475 -1.86534 -2.49438
E 0.295028 -0.0805534 0.17476 -0.0805534 0.0980176 -0.0434431 0.17476 -0.0434431 0.124903
F 0.0382676 -1.87844 -2.51922
E 0.299472 -0.0842917 0.176301 -0.0842917 0.0996339 -0.0457363 0.176301 -0.0457363 0.125451
F 0.0209454 -1.89064 -2.53638
E 0.303691 -0.0879506 0.177765 -0.0879506 0.101278 -0.04796 0.177765 -0.04796 0.125861
F 0.00291693 -1.90286 -2.55596
E 0.307927 -0.0917906 0.179222 -0.0917906 0.103074 -0.0502878 0.179222 -0.0502878 0.126335
F -0.0153143 -1.91472 -2.57299
E 0.312089 -0.0956994 0.180649 -0.0956994 0.104974 -0.0526442 0.180649 -0.0526442 0.126786
F -0.0347472 -1.92698 -2.58487
E 0.316455 -0.0998959 0.182136 -0.0998959 0.107086 -0.0551579 0.182136 -0.0551579 0.127294
F -0.0530302 -1.93821 -2.59634
E 0.320489 -0.103881 0.183511 -0.103881 0.109163 -0.057526 0.183511 -0.057526 0.127683
F -0.073121 -1.9498 -2.64052
E 0.324432 -0.108296 0.184805 -0.108296 0.11159 -0.0602147 0.184805 -0.0602147 0.128604
F -0.0928162 -1.96023 -2.66869
E 0.328096 -0.112605 0.186028 -0.112605 0.11405 -0.0628245 0.186028 -0.0628245 0.129206
F -0.106383 -1.9669 -2.70025
E 0.330425 -0.115569 0.186821 -0.115569 0.115806 -0.0646163 0.186821 -0.0646163 0.129385
F -0.127309 -1.97639 -2.73156
E 0.333738 -0.120122 0.187908 -0.120122 0.11861 -0.0674101 0.187908 -0.0674101 0.130093
F -0.148291 -1.98494 -2.77808
E 0.336592 -0.124661 0.188821 -0.124661 0.121553 -0.0702525 0.188821 -0.0702525 0.130987
F -0.169388 -1.99236 -2.82896
E 0.338996 -0.129168 0.189576 -0.129168 0.124632 -0.0731305 0.189576 -0.0731305 0.13192
F -0.190859 -1.99862 -2.88666
E 0.340907 -0.133674 0.190152 -0.133674 0.127889 -0.0760862 0.190152 -0.0760862 0.132984
F -0.213335 -2.00378 -2.94525
E 0.342375 -0.138294 0.190567 -0.138294 0.131426 -0.0792014 0.190567 -0.0792014 0.134166
F -0.235376 -2.00757 -2.99752
E 0.343385 -0.142737 0.190843 -0.142737 0.135016 -0.082256 0.190843 -0.082256 0.135125
F -0.257713 -2.01023 -3.04842
E 0.343972 -0.147144 0.190972 -0.147144 0.138782 -0.0853639 0.190972 -0.0853639 0.136075
F -0.280125 -2.01177 -3.09773
E 0.344143 -0.151465 0.190957 -0.151465 0.142691 -0.0884935 0.190957 -0.0884935 0.136993
F -0.303403 -2.01206 -3.16052
E 0.343704 -0.15579 0.190692 -0.15579 0.146889 -0.0917846 0.190692 -0.0917846 0.138307
F -0.325374 -2.01102 -3.2166
E 0.342848 -0.159741 0.190303 -0.159741 0.150978 -0.0948899 0.190303 -0.0948899 0.139289
F -0.347855 -2.00867 -3.27556
E 0.341457 -0.163618 0.189704 -0.163618 0.155287 -0.0980874 0.189704 -0.0980874 0.140413
F -0.36989 -2.0051 -3.32817
E 0.339676 -0.167274 0.188969 -0.167274 0.15964 -0.101228 0.188969 -0.101228 0.141373
F -0.384555 -2.0021 -3.35941
E 0.338371 -0.169667 0.188466 -0.169667 0.16262 -0.103301 0.188466 -0.103301 0.141545
F -0.406604 -1.99678 -3.39743
E 0.33606 -0.173122 0.187538 -0.173122 0.167202 -0.106452 0.187538 -0.106452 0.142311
F -0.428086 -1.99044 -3.45939
E 0.333204 -0.176225 0.186367 -0.176225 0.171754 -0.109539 0.186367 -0.109539 0.14347
F -0.449225 -1.98282 -3.51593
E 0.329939 -0.179081 0.18503 -0.179081 0.176351 -0.112588 0.18503 -0.112588 0.144525
F -0.468672 -1.9746 -3.56691
E 0.326551 -0.181532 0.183648 -0.181532 0.180687 -0.115395 0.183648 -0.115395 0.145312
F -0.488936 -1.96471 -3.62402
E 0.322524 -0.183834 0.181977 -0.183834 0.185289 -0.118334 0.181977 -0.118334 0.146389
F -0.526482 -1.94289 -3.71237
E 0.313545 -0.187139 0.177679 -0.187139 0.193945 -0.124463 0.177679 -0.124463 0.15837
F -0.544968 -1.93022 -3.77209
E 0.308695 -0.188529 0.17544 -0.188529 0.198405 -0.127343 0.17544 -0.127343 0.159482
F -0.56259 -1.9167 -3.8202
E 0.303694 -0.189632 0.173104 -0.189632 0.202773 -0.130106 0.173104 -0.130106 0.160349
F -0.578617 -1.90304 -3.87452
E 0.298708 -0.190348 0.170735 -0.190348 0.206786 -0.132608 0.170735 -0.132608 0.161185
F -0.595426 -1.88706 -3.92886
E 0.292998 -0.190781 0.167965 -0.190781 0.211053 -0.135244 0.167965 -0.135244 0.162296
F -0.610753 -1.87089 -3.97864
E 0.287366 -0.190886 0.165181 -0.190886 0.215014 -0.137652 0.165181 -0.137652 0.1632
F -0.620581 -1.85954 -4.01847
E 0.283514 -0.1908 0.163257 -0.1908 0.217608 -0.139193 0.163257 -0.139193 0.163422
F -0.63486 -1.84145 -4.07022
E 0.277433 -0.190313 0.160144 -0.190313 0.221351 -0.141429 0.160144 -0.141429 0.164462
F -0.647799 -1.82306 -4.12799
E 0.271378 -0.18947 0.156968 -0.18947 0.224732 -0.143435 0.156968 -0.143435 0.165544
F -0.660089 -1.80313 -4.19197
E 0.264959 -0.188188 0.153507 -0.188188 0.227909 -0.14532 0.153507 -0.14532 0.16691
F -0.670848 -1.78316 -4.24448
E 0.258736 -0.18666 0.15006 -0.18666 0.230746 -0.146982 0.15006 -0.146982 0.167914
F -0.680409 -1.76292 -4.29758
E 0.252592 -0.184855 0.146562 -0.184855 0.233252 -0.148445 0.146562 -0.148445 0.168891
F -0.688983 -1.74176 -4.35714
E 0.246333 -0.182685 0.142892 -0.182685 0.235431 -0.14972 0.142892 -0.14972 0.17006
F -0.696516 -1.71979 -4.40718
E 0.240039 -0.180234 0.139084 -0.180234 0.237365 -0.150847 0.139084 -0.150847 0.171092
F -0.702875 -1.69819 -4.44483
E 0.234054 -0.177691 0.135345 -0.177691 0.239044 -0.151818 0.135345 -0.151818 0.171833
F -0.708302 -1.6759 -4.50223
E 0.228036 -0.174808 0.131464 -0.174808 0.240306 -0.152559 0.131464 -0.152559 0.172972
F -0.712485 -1.65434 -4.53929
E 0.222413 -0.171927 0.127709 -0.171927 0.241342 -0.153159 0.127709 -0.153159 0.173648
F -0.715808 -1.63151 -4.59649
E 0.216635 -0.168653 0.123723 -0.168653 0.241961 -0.15353 0.123723 -0.15353 0.174803
F -0.7179 -1.60965 -4.63749
E 0.211295 -0.165429 0.119895 -0.165429 0.24233 -0.15375 0.119895 -0.15375 0.175531
F -0.718769 -1.59421 -4.67482
E 0.207631 -0.163086 0.117183 -0.163086 0.24242 -0.153803 0.117183 -0.153803 0.175758
F -0.719152 -1.57225 -4.71508
E 0.20257 -0.15965 0.113332 -0.15965 0.242268 -0.153722 0.113332 -0.153722 0.176477
F -0.718396 -1.5492 -4.77529
E 0.197461 -0.155884 0.109303 -0.155884 0.241612 -0.153349 0.109303 -0.153349 0.177696
F -0.716331 -1.527 -4.83495
E 0.192733 -0.152147 0.105413 -0.152147 0.240578 -0.152746 0.105413 -0.152746 0.178791
F -0.713102 -1.50499 -4.88114
E 0.188216 -0.148379 0.10153 -0.148379 0.239287 -0.151984 0.10153 -0.151984 0.17963
F -0.708906 -1.48374 -4.93354
E 0.184032 -0.144667 0.0977838 -0.144667 0.237682 -0.151024 0.0977838 -0.151024 0.180504
F -0.703499 -1.46183 -4.97514
E 0.179882 -0.1408 0.0938994 -0.1408 0.235784 -0.149874 0.0938994 -0.149874 0.181309
F -0.697316 -1.44035 -5.0103
E 0.175976 -0.136989 0.0900721 -0.136989 0.233716 -0.148607 0.0900721 -0.148607 0.181999
F -0.690406 -1.41891 -5.03805
E 0.172235 -0.133184 0.0862294 -0.133184 0.231498 -0.147232 0.0862294 -0.147232 0.182619
F -0.682764 -1.39755 -5.07385
E 0.168684 -0.129387 0.0824106 -0.129387 0.229039 -0.145684 0.0824106 -0.145684 0.183354
F -0.674607 -1.37658 -5.09279
E 0.165335 -0.125681 0.0786158 -0.125681 0.226563 -0.144105 0.0786158 -0.144105 0.183882
F -0.665892 -1.35555 -5.11786
E 0.162147 -0.12199 0.0748171 -0.12199 0.223918 -0.142393 0.0748171 -0.142393 0.184494
F -0.656425 -1.33438 -5.148
E 0.159107 -0.118298 0.0709981 -0.118298 0.221062 -0.140511 0.0709981 -0.140511 0.18521
F -0.646677 -1.31404 -5.1703
E 0.156327 -0.114782 0.0672971 -0.114782 0.218218 -0.138608 0.0672971 -0.138608 0.185775
F -0.637046 -1.29463 -5.17568
E 0.153793 -0.111477 0.0637174 -0.111477 0.215538 -0.13679 0.0637174 -0.13679 0.18614
F -0.63013 -1.28085 -5.17958
E 0.152076 -0.109169 0.0611621 -0.109169 0.213641 -0.13549 0.0611621 -0.13549 0.186234
F -0.619735 -1.26034 -5.18328
E 0.149653 -0.105792 0.0573703 -0.105792 0.210827 -0.133528 0.0573703 -0.133528 0.186684
F -0.60971 -1.24049 -5.17693
E 0.147444 -0.102599 0.0536685 -0.102599 0.208204 -0.131671 0.0536685 -0.131671 0.187026
F -0.5995 -1.21988 -5.16771
E 0.145305 -0.0993716 0.0498136 -0.0993716 0.205588 -0.129788 0.0498136 -0.129788 0.187405
F -0.589872 -1.19984 -5.15291
E 0.143374 -0.0963205 0.0460456 -0.0963205 0.203185 -0.128032 0.0460456 -0.128032 0.187714
F -0.580552 -1.17997 -5.14892
E 0.141617 -0.0933778 0.0423225 -0.0933778 0.200837 -0.126289 0.0423225 -0.126289 0.188049
F -0.570885 -1.15887 -5.13521
E 0.139909 -0.0903347 0.0383472 -0.0903347 0.198489 -0.124518 0.0383472 -0.124518 0.188422
F -0.561688 -1.13793 -5.11732
E 0.138377 -0.0874009 0.0343855 -0.0874009 0.19631 -0.122849 0.0343855 -0.122849 0.188759
F -0.552841 -1.1168 -5.10059
E 0.137003 -0.0845264 0.0303839 -0.0845264 0.194241 -0.12124 0.0303839 -0.12124 0.189102
F -0.544585 -1.09595 -5.0781
E 0.135812 -0.0817673 0.0264177 -0.0817673 0.192368 -0.119762 0.0264177 -0.119762 0.1894
F -0.536736 -1.07479 -5.05692
E 0.134775 -0.0790442 0.0223898 -0.0790442 0.19061 -0.118356 0.0223898 -0.118356 0.18971
F -0.529361 -1.05338 -5.0314
E 0.1339 -0.0763606 0.0183048 -0.0763606 0.189007 -0.117057 0.0183048 -0.117057 0.190012
F -0.522619 -1.03224 -5.01077
E 0.13321 -0.0737768 0.0142715 -0.0737768 0.187542 -0.115856 0.0142715 -0.115856 0.190302
F -0.515982 -1.00989 -4.99137
E 0.132668 -0.0711074 0.0100063 -0.0711074 0.186116 -0.114672 0.0100063 -0.114672 0.190662
F -0.510134 -0.988707 -4.97223
E 0.132332 -0.068631 0.00595636 -0.068631 0.184877 -0.113632 0.00595636 -0.113632 0.190943
F -0.506424 -0.974471 -4.96237
E 0.132201 -0.0669972 0.00323279 -0.0669972 0.184068 -0.11295 0.00323279 -0.11295 0.191003
F -0.500956 -0.952302 -4.94607
E 0.132155 -0.0644853 -0.00100819 -0.0644853 0.182923 -0.111972 -0.00100819 -0.111972 0.191343
F -0.495924 -0.930092 -4.92428
E 0.132299 -0.0620071 -0.00526926 -0.0620071 0.181913 -0.1111 -0.00526926 -0.1111 0.191662
F -0.491639 -0.908681 -4.89551
E 0.132618 -0.0596465 -0.00938871 -0.0596465 0.181104 -0.110397 -0.00938871 -0.110397 0.191916
F -0.487885 -0.887413 -4.8787
E 0.133109 -0.057335 -0.0134756 -0.057335 0.18036 -0.109745 -0.0134756 -0.109745 0.192185
F -0.484417 -0.864888 -4.85163
E 0.13382 -0.0549005 -0.0178145 -0.0549005 0.179738 -0.109196 -0.0178145 -0.109196 0.192492
F -0.481505 -0.842738 -4.83455
E 0.134709 -0.0525296 -0.0220809 -0.0525296 0.17919 -0.108709 -0.0220809 -0.108709 0.1928
F -0.479087 -0.8207 -4.80879
E 0.135783 -0.0501731 -0.0263355 -0.0501731 0.178792 -0.108354 -0.0263355 -0.108354 0.193077
F -0.477255 -0.797486 -4.77352
E 0.137118 -0.0476784 -0.0308225 -0.0476784 0.178578 -0.108161 -0.0308225 -0.108161 0.193398
F -0.476125 -0.774303 -4.74869
E 0.138656 -0.0451841 -0.0353056 -0.0451841 0.178462 -0.108057 -0.0353056 -0.108057 0.193735
F -0.475572 -0.75164 -4.72487
E 0.14036 -0.0427313 -0.039694 -0.0427313 0.178463 -0.108058 -0.039694 -0.108058 0.194044
F -0.475624 -0.728272 -4.69546
E 0.142325 -0.0401702 -0.044223 -0.0401702 0.178627 -0.108206 -0.044223 -0.108206 0.19438
F -0.476253 -0.705881 -4.67314
E 0.144405 -0.0376912 -0.0485694 -0.0376912 0.178876 -0.10843 -0.0485694 -0.10843 0.194676
F -0.477286 -0.684053 -4.65701
E 0.146619 -0.0352505 -0.0528133 -0.0352505 0.179179 -0.108704 -0.0528133 -0.108704 0.19496
F -0.478209 -0.669259 -4.64321
E 0.148223 -0.0335804 -0.0556948 -0.0335804 0.179425 -0.108924 -0.0556948 -0.108924 0.195018
F -0.48006 -0.645881 -4.62349
E 0.150933 -0.0308952 -0.0602446 -0.0308952 0.179934 -0.109383 -0.0602446 -0.109383 0.195386
F -0.482282 -0.623576 -4.60276
E 0.153715 -0.0282843 -0.0645922 -0.0282843 0.180526 -0.109913 -0.0645922 -0.109913 0.195687
F -0.484983 -0.600999 -4.58382
E 0.156727 -0.0255895 -0.0689994 -0.0255895 0.181219 -0.110533 -0.0689994 -0.110533 0.196013
F -0.48813 -0.578331 -4.56508
E 0.15995 -0.0228252 -0.0734306 -0.0228252 0.182014 -0.111241 -0.0734306 -0.111241 0.196348
F -0.49163 -0.5561 -4.54743
E 0.163305 -0.0200536 -0.0777837 -0.0200536 0.182886 -0.112012 -0.0777837 -0.112012 0.196664
F -0.495587 -0.533348 -4.53291
E 0.16694 -0.0171558 -0.0822477 -0.0171558 0.183854 -0.112865 -0.0822477 -0.112865 0.197027
F -0.499706 -0.511651 -4.51664
E 0.170593 -0.0143251 -0.0865103 -0.0143251 0.18487 -0.113754 -0.0865103 -0.113754 0.197323
F -0.504139 -0.489549 -4.51233
E 0.174513 -0.011399 -0.0908698 -0.011399 0.185907 -0.114658 -0.0908698 -0.114658 0.197694
F -0.508369 -0.468108 -4.52283
E 0.178511 -0.00855283 -0.0951187 -0.00855283 0.18683 -0.11546 -0.0951187 -0.11546 0.198105
F -0.512378 -0.445913 -4.54455
E 0.182849 -0.00562794 -0.0995325 -0.00562794 0.187649 -0.116172 -0.0995325 -0.116172 0.198664
F -0.516031 -0.423757 -4.55345
E 0.187365 -0.00268908 -0.103941 -0.00268908 0.188457 -0.116868 -0.103941 -0.116868 0.199107
F -0.518236 -0.409186 -4.57093
E 0.190445 -0.000773204 -0.10685 -0.000773204 0.188914 -0.117259 -0.10685 -0.117259 0.199219
F -0.521174 -0.386238 -4.59921
E 0.195472 0.0021833 -0.111434 0.0021833 0.189453 -0.117728 -0.111434 -0.117728 0.199905
F -0.523432 -0.363531 -4.62728
E 0.200651 0.00505279 -0.11598 0.00505279 0.189838 -0.118063 -0.11598 -0.118063 0.200557
F -0.524998 -0.341388 -4.65636
E 0.205896 0.00778379 -0.120424 0.00778379 0.190057 -0.118256 -0.120424 -0.118256 0.20116
F -0.526047 -0.318566 -4.67654
E 0.211504 0.0105603 -0.125013 0.0105603 0.190198 -0.118382 -0.125013 -0.118382 0.20173
F -0.526635 -0.295611 -4.69697
E 0.217353 0.0132961 -0.129638 0.0132961 0.190229 -0.118413 -0.129638 -0.118413 0.202314
F -0.526676 -0.273463 -4.72417
E 0.223195 0.0158442 -0.13411 0.0158442 0.190098 -0.118305 -0.13411 -0.118305 0.202892
F -0.526343 -0.25044 -4.72949
E 0.22948 0.018507 -0.138775 0.018507 0.189993 -0.118217 -0.138775 -0.118217 0.203355
F -0.52586 -0.228045 -4.73846
E 0.235798 0.0210579 -0.143322 0.0210579 0.189833 -0.118082 -0.143322 -0.118082 0.203795
F -0.525353 -0.206516 -4.73336
E 0.242067 0.023544 -0.147706 0.023544 0.189742 -0.118004 -0.147706 -0.118004 0.2041
F -0.524888 -0.185074 -4.73472
E 0.248497 0.0260011 -0.152078 0.0260011 0.189628 -0.117906 -0.152078 -0.117906 0.20443
F -0.524333 -0.162877 -4.74007
E 0.25535 0.0285145 -0.15661 0.0285145 0.189471 -0.117772 -0.15661 -0.117772 0.204831
F -0.523827 -0.141577 -4.73217
E 0.262118 0.0309713 -0.16097 0.0309713 0.189394 -0.117705 -0.16097 -0.117705 0.205113
F -0.523326 -0.11979 -4.73858
E 0.26923 0.0334314 -0.165433 0.0334314 0.189245 -0.117577 -0.165433 -0.117577 0.205492
F -0.522739 -0.0968881 -4.73763
E 0.276919 0.0360303 -0.170134 0.0360303 0.189114 -0.117464 -0.170134 -0.117464 0.205907
F -0.522335 -0.0816664 -4.7402
E 0.282146 0.0377419 -0.173267 0.0377419 0.189011 -0.117374 -0.173267 -0.117374 0.205994
F -0.521687 -0.0595967 -4.74328
E 0.289896 0.040207 -0.177807 0.040207 0.188845 -0.117229 -0.177807 -0.117229 0.206373
F -0.52105 -0.0369192 -4.73766
E 0.29807 0.0427756 -0.182483 0.0427756 0.188729 -0.117128 -0.182483 -0.117128 0.206748
F -0.52057 -0.0149509 -4.73082
E 0.306191 0.0452898 -0.187022 0.0452898 0.188654 -0.117063 -0.187022 -0.117063 0.207072
F -0.520341 0.00713074 -4.71476
E 0.314555 0.0479017 -0.191591 0.0479017 0.188686 -0.117092 -0.191591 -0.117092 0.207368
F -0.520423 0.0289541 -4.70245
E 0.323018 0.0505283 -0.196113 0.0505283 0.188771 -0.117168 -0.196113 -0.117168 0.207662
F -0.520697 0.0516707 -4.69825
E 0.332038 0.0532665 -0.200826 0.0532665 0.18886 -0.11725 -0.200826 -0.11725 0.208046
F -0.52109 0.0740514 -4.69135
E 0.341132 0.0560056 -0.205479 0.0560056 0.188992 -0.117369 -0.205479 -0.117369 0.208395
F -0.521726 0.0967864 -4.67753
E 0.350582 0.0588755 -0.210212 0.0588755 0.189218 -0.117571 -0.210212 -0.117571 0.208738
F -0.522708 0.119827 -4.66202
E 0.360375 0.0618738 -0.215015 0.0618738 0.189537 -0.117857 -0.215015 -0.117857 0.209096
F -0.524014 0.14302 -4.6503
E 0.370458 0.0649555 -0.219859 0.0649555 0.189913 -0.118193 -0.219859 -0.118193 0.209479
F -0.525541 0.165803 -4.64064
E 0.38058 0.0680417 -0.224626 0.0680417 0.19033 -0.118566 -0.224626 -0.118566 0.209845
F -0.527179 0.187941 -4.63645
E 0.390628 0.0710649 -0.229268 0.0710649 0.190743 -0.118935 -0.229268 -0.118935 0.210195
F -0.529111 0.210101 -4.61438
E 0.400873 0.0742643 -0.233915 0.0742643 0.191323 -0.119449 -0.233915 -0.119449 0.210483
F -0.530711 0.225597 -4.60457
E 0.408166 0.0765297 -0.237174 0.0765297 0.191743 -0.119819 -0.237174 -0.119819 0.210558
F -0.533331 0.248471 -4.59215
E 0.419114 0.0799723 -0.241982 0.0799723 0.192444 -0.120439 -0.241982 -0.120439 0.210925
F -0.536112 0.270604 -4.58261
E 0.429918 0.0833755 -0.246645 0.0833755 0.19317 -0.121077 -0.246645 -0.121077 0.211258
F -0.539051 0.293 -4.58121
E 0.441072 0.0868359 -0.251375 0.0868359 0.193894 -0.121713 -0.251375 -0.121713 0.211647
F -0.542133 0.314953 -4.56467
E 0.452187 0.090386 -0.256011 0.090386 0.194738 -0.122449 -0.256011 -0.122449 0.211947
F -0.545659 0.337661 -4.55203
E 0.463902 0.0941585 -0.260814 0.0941585 0.195678 -0.123266 -0.260814 -0.123266 0.21231
F -0.54948 0.360816 -4.54561
E 0.476084 0.0980677 -0.265726 0.0980677 0.196663 -0.124119 -0.265726 -0.124119 0.212736
F -0.553555 0.383605 -4.52531
E 0.488263 0.102117 -0.270557 0.102117 0.197797 -0.125094 -0.270557 -0.125094 0.213083
F -0.55789 0.405962 -4.51635
E 0.500448 0.10616 -0.275314 0.10616 0.198939 -0.12607 -0.275314 -0.12607 0.213448
F -0.562298 0.42727 -4.5005
E 0.51224 0.110168 -0.279849 0.110168 0.200143 -0.127091 -0.279849 -0.127091 0.213727
F -0.567173 0.449312 -4.4889
E 0.52465 0.114424 -0.284549 0.114424 0.201456 -0.128197 -0.284549 -0.128197 0.214069
F -0.572279 0.471279 -4.47916
E 0.537229 0.118776 -0.289244 0.118776 0.202829 -0.129346 -0.289244 -0.129346 0.214416
F -0.577612 0.493285 -4.47006
E 0.550037 0.123245 -0.293955 0.123245 0.20427 -0.130544 -0.293955 -0.130544 0.214772
F -0.583234 0.515663 -4.4624
E 0.563277 0.127894 -0.298755 0.127894 0.205793 -0.1318 -0.298755 -0.1318 0.215163
F -0.588803 0.537894 -4.47154
E 0.5767 0.132462 -0.303553 0.132462 0.207215 -0.132969 -0.303553 -0.132969 0.215645
F -0.592268 0.552045 -4.47289
E 0.585338 0.135401 -0.306606 0.135401 0.208135 -0.133714 -0.306606 -0.133714 0.215716
F -0.597389 0.573339 -4.47986
E 0.598517 0.139803 -0.31121 0.139803 0.209472 -0.134798 -0.31121 -0.134798 0.216106
F -0.602432 0.595247 -4.49246
E 0.612298 0.144272 -0.315961 0.144272 0.210764 -0.135841 -0.315961 -0.135841 0.21658
F -0.607057 0.616551 -4.50481
E 0.625896 0.148574 -0.320589 0.148574 0.211955 -0.136797 -0.320589 -0.136797 0.216999
F -0.611421 0.638012 -4.5187
E 0.639797 0.152842 -0.325261 0.152842 0.213073 -0.13769 -0.325261 -0.13769 0.217437
F -0.615474 0.659117 -4.52663
E 0.653645 0.157036 -0.329858 0.157036 0.214149 -0.138544 -0.329858 -0.138544 0.217806
F -0.619418 0.680429 -4.5322
E 0.667821 0.161273 -0.334506 0.161273 0.215214 -0.139387 -0.334506 -0.139387 0.218172
F -0.62338 0.702921 -4.54382
E 0.68301 0.165672 -0.339423 0.165672 0.216251 -0.140206 -0.339423 -0.140206 0.218667
F -0.627046 0.72511 -4.55345
E 0.698207 0.169979 -0.344283 0.169979 0.217224 -0.140971 -0.344283 -0.140971 0.219118
F -0.630229 0.746045 -4.56955
E 0.712754 0.173932 -0.348881 0.173932 0.21803 -0.141604 -0.348881 -0.141604 0.21952
F -0.633274 0.768107 -4.58094
E 0.72828 0.17805 -0.353731 0.17805 0.218825 -0.142226 -0.353731 -0.142226 0.219967
F -0.636097 0.790586 -4.59397
E 0.744322 0.182162 -0.358682 0.182162 0.219548 -0.142793 -0.358682 -0.142793 0.220458
F -0.63781 0.805267 -4.59852
E 0.754907 0.184855 -0.361921 0.184855 0.220019 -0.143157 -0.361921 -0.143157 0.220539
F -0.640253 0.827511 -4.60751
E 0.771135 0.188868 -0.36683 0.188868 0.220664 -0.14366 -0.36683 -0.14366 0.220977
F -0.642375 0.84878 -4.61832
E 0.786857 0.192631 -0.371533 0.192631 0.221211 -0.144085 -0.371533 -0.144085 0.221356
F -0.644402 0.871617 -4.62941
E 0.80396 0.196595 -0.37659 0.196595 0.221725 -0.144486 -0.37659 -0.144486 0.221854
F -0.646148 0.8939 -4.63903
E 0.820867 0.200403 -0.381535 0.200403 0.22217 -0.144833 -0.381535 -0.144833 0.222295
F -0.647954 0.916235 -4.62437
E 0.838002 0.204461 -0.386492 0.204461 0.222792 -0.145313 -0.386492 -0.145313 0.222615
F -0.649916 0.937674 -4.61783
E 0.854669 0.2084 -0.391261 0.2084 0.223407 -0.145787 -0.391261 -0.145787 0.222913
F -0.652169 0.961083 -4.61512
E 0.873107 0.212733 -0.396476 0.212733 0.224086 -0.146312 -0.396476 -0.146312 0.223364
F -0.654475 0.98328 -4.60256
E 0.890797 0.217016 -0.401427 0.217016 0.224847 -0.146896 -0.401427 -0.146896 0.223686
F -0.657024 1.00591 -4.59784
E 0.909069 0.22142 -0.406484 0.22142 0.225632 -0.147498 -0.406484 -0.147498 0.22407
F -0.659813 1.02867 -4.5832
E 0.927663 0.22606 -0.411576 0.22606 0.226558 -0.148205 -0.411576 -0.148205 0.224423
F -0.662764 1.05082 -4.57663
E 0.94599 0.230632 -0.416542 0.230632 0.227481 -0.148908 -0.416542 -0.148908 0.22477
F -0.66596 1.07374 -4.57099
E 0.965186 0.235447 -0.421688 0.235447 0.228477 -0.149665 -0.421688 -0.149665 0.225176
F -0.669226 1.09603 -4.56287
E 0.984079 0.240253 -0.426703 0.240253 0.229514 -0.150449 -0.426703 -0.150449 0.225529
F -0.672594 1.11867 -4.56648
E 1.00353 0.245083 -0.431811 0.245083 0.230508 -0.1512 -0.431811 -0.1512 0.22597
F -0.674713 1.13305 -4.56579
E 1.016 0.248184 -0.435062 0.248184 0.231153 -0.151683 -0.435062 -0.151683 0.226037
F -0.678102 1.15536 -4.55735
E 1.03549 0.25314 -0.440097 0.25314 0.232244 -0.1525 -0.440097 -0.1525 0.22639
F -0.681654 1.1773 -4.54644
E 1.05488 0.25817 -0.445056 0.25817 0.233407 -0.153366 -0.445056 -0.153366 0.226713
F -0.685502 1.1992 -4.53054
E 1.07443 0.26341 -0.450008 0.26341 0.2347 -0.154325 -0.450008 -0.154325 0.227019
F -0.689732 1.2212 -4.51436
E 1.09428 0.268884 -0.454988 0.268884 0.236124 -0.155375 -0.454988 -0.155375 0.227334
F -0.694659 1.2443 -4.49009
E 1.11531 0.274982 -0.460213 0.274982 0.23784 -0.156633 -0.460213 -0.156633 0.227698
F -0.700019 1.26625 -4.4558
E 1.13545 0.281236 -0.465171 0.281236 0.239766 -0.158033 -0.465171 -0.158033 0.227983
F -0.706146 1.28785 -4.41603
E 1.15541 0.287894 -0.470038 0.287894 0.241988 -0.159634 -0.470038 -0.159634 0.228255
F -0.713046 1.30939 -4.38887
E 1.17558 0.294859 -0.474916 0.294859 0.244393 -0.161353 -0.474916 -0.161353 0.228553
F -0.720226 1.33022 -4.372
E 1.19535 0.301814 -0.479653 0.301814 0.246839 -0.163085 -0.479653 -0.163085 0.228844
F -0.728257 1.35168 -4.33656
E 1.21576 0.309527 -0.484502 0.309527 0.249727 -0.165108 -0.484502 -0.165108 0.229144
F -0.736995 1.37259 -4.29641
E 1.23576 0.317604 -0.489215 0.317604 0.252912 -0.167314 -0.489215 -0.167314 0.229426
F -0.746617 1.39342 -4.26297
E 1.25592 0.326131 -0.493925 0.326131 0.256391 -0.169694 -0.493925 -0.169694 0.229731
F -0.756537 1.41313 -4.22948
E 1.27514 0.334692 -0.498383 0.334692 0.260009 -0.172136 -0.498383 -0.172136 0.22999
F -0.763788 1.42659 -4.20697
E 1.28844 0.340769 -0.501442 0.340769 0.262623 -0.173875 -0.501442 -0.173875 0.23005
F -0.774778 1.44588 -4.18205
E 1.30759 0.349877 -0.505824 0.349877 0.266644 -0.176528 -0.505824 -0.176528 0.23033
F -0.786441 1.46513 -4.15332
E 1.3268 0.359448 -0.510189 0.359448 0.270993 -0.179355 -0.510189 -0.179355 0.230618
F -0.798365 1.48364 -4.12686
E 1.34544 0.369096 -0.514393 0.369096 0.275482 -0.182232 -0.514393 -0.182232 0.230886
F -0.81126 1.50252 -4.09927
E 1.36457 0.379429 -0.518679 0.379429 0.280415 -0.185346 -0.518679 -0.185346 0.231196
F -0.824126 1.52017 -4.06561
E 1.38249 0.389651 -0.522667 0.389651 0.285446 -0.18847 -0.522667 -0.18847 0.231444
F -0.837957 1.53793 -4.03584
E 1.40069 0.400483 -0.526692 0.400483 0.290908 -0.191809 -0.526692 -0.191809 0.231731
F -0.852648 1.55558 -4.00088
E 1.4188 0.41189 -0.530675 0.41189 0.296834 -0.195373 -0.530675 -0.195373 0.232035
F -0.867629 1.57242 -3.97004
E 1.43625 0.423373 -0.534488 0.423373 0.302946 -0.198986 -0.534488 -0.198986 0.232322
F -0.883103 1.58878 -3.93948
E 1.45328 0.435129 -0.538191 0.435129 0.309362 -0.202714 -0.538191 -0.202714 0.232608
F -0.898832 1.60432 -3.9024
E 1.46942 0.446987 -0.541681 0.446987 0.316033 -0.206521 -0.541681 -0.206521 0.232865
F -0.914762 1.61903 -3.87197
E 1.48488 0.458848 -0.545005 0.458848 0.322859 -0.21035 -0.545005 -0.21035 0.233109
F -0.931875 1.63378 -3.83406
E 1.50029 0.471498 -0.548305 0.471498 0.330364 -0.214486 -0.548305 -0.214486 0.23339
F -0.950328 1.64835 -3.78573
E 1.51531 0.484984 -0.551512 0.484984 0.338661 -0.218975 -0.551512 -0.218975 0.233714
F -0.963032 1.65764 -3.76025
E 1.52522 0.494109 -0.553611 0.494109 0.344366 -0.222003 -0.553611 -0.222003 0.233781
F -0.981792 1.67047 -3.72271
E 1.53868 0.507501 -0.556462 0.507501 0.352993 -0.22652 -0.556462 -0.22652 0.234069
F -1.00025 1.68205 -3.68064
E 1.55071 0.52053 -0.559003 0.52053 0.361655 -0.230969 -0.559003 -0.230969 0.234308
F -1.0206 1.69359 -3.63448
E 1.56258 0.534687 -0.561505 0.534687 0.371392 -0.235879 -0.561505 -0.235879 0.234626
F -1.04176 1.70432 -3.58722
E 1.57352 0.549186 -0.563808 0.549186 0.381717 -0.240985 -0.563808 -0.240985 0.234963
F -1.06263 1.71379 -3.54779
E 1.58328 0.563283 -0.565859 0.563283 0.392057 -0.245996 -0.565859 -0.245996 0.235259
F -1.08386 1.72219 -3.48939
E 1.59139 0.577354 -0.567563 0.577354 0.40284 -0.251122 -0.567563 -0.251122 0.235554
F -1.10474 1.72911 -3.43353
E 1.59792 0.590876 -0.568933 0.590876 0.413611 -0.256143 -0.568933 -0.256143 0.235807
F -1.12608 1.73508 -3.39525
E 1.60379 0.604486 -0.570167 0.604486 0.424765 -0.261247 -0.570167 -0.261247 0.236066
F -1.14807 1.74016 -3.34201
E 1.60824 0.618198 -0.57111 0.618198 0.436494 -0.266515 -0.57111 -0.266515 0.236343
F -1.17094 1.74419 -3.29021
E 1.61149 0.632137 -0.571806 0.632137 0.448908 -0.271988 -0.571806 -0.271988 0.236653
F -1.19268 1.74699 -3.24923
E 1.61368 0.645152 -0.572276 0.645152 0.4609 -0.277174 -0.572276 -0.277174 0.236898
F -1.21578 1.74899 -3.2063
E 1.61483 0.658697 -0.572538 0.658697 0.473874 -0.282688 -0.572538 -0.282688 0.237207
F -1.2304 1.74975 -3.18053
E 1.61526 0.667184 -0.572633 0.667184 0.482197 -0.286163 -0.572633 -0.286163 0.237256
F -1.25274 1.74999 -3.12427
E 1.6141 0.679669 -0.572414 0.679669 0.49509 -0.291479 -0.572414 -0.291479 0.237525
F -1.27499 1.74907 -3.07661
E 1.61184 0.691779 -0.571966 0.691779 0.508137 -0.296767 -0.571966 -0.296767 0.237786
F -1.29776 1.74698 -3.02357
E 1.60808 0.703731 -0.571206 0.703731 0.521694 -0.302172 -0.571206 -0.302172 0.238078
F -1.31925 1.7439 -2.9746
E 1.60337 0.714636 -0.570242 0.714636 0.534683 -0.307263 -0.570242 -0.307263 0.238314
F -1.34092 1.73975 -2.93058
E 1.59756 0.725287 -0.569048 0.725287 0.547987 -0.312398 -0.569048 -0.312398 0.238566
F -1.36316 1.73443 -2.88241
E 1.5903 0.735755 -0.567546 0.735755 0.561825 -0.317659 -0.567546 -0.317659 0.238857
F -1.38468 1.72811 -2.82965
E 1.58187 0.745363 -0.565789 0.745363 0.575377 -0.322731 -0.565789 -0.322731 0.239127
F -1.40549 1.72089 -2.78595
E 1.5727 0.754288 -0.563868 0.754288 0.588694 -0.327645 -0.563868 -0.327645 0.239377
F -1.42758 1.71216 -2.74414
E 1.56184 0.763318 -0.561584 0.763318 0.603034 -0.332864 -0.561584 -0.332864 0.239718
F -1.44802 1.70297 -2.69432
E 1.55042 0.771086 -0.559161 0.771086 0.616417 -0.337665 -0.559161 -0.337665 0.239986
F -1.46749 1.69313 -2.6533
E 1.53856 0.778106 -0.556629 0.778106 0.629376 -0.342254 -0.556629 -0.342254 0.240227
F -1.48698 1.682 -2.59156
E 1.52489 0.784281 -0.553691 0.784281 0.642306 -0.346778 -0.553691 -0.346778 0.240508
F -1.50631 1.66941 -2.53675
E 1.50984 0.7898 -0.550434 0.7898 0.6553 -0.351271 -0.550434 -0.351271 0.240811
F -1.52462 1.65612 -2.49068
E 1.49435 0.794514 -0.547053 0.794514 0.6678 -0.355543 -0.547053 -0.355543 0.241089
F -1.53686 1.64638 -2.44974
E 1.48319 0.797328 -0.544592 0.797328 0.676253 -0.358401 -0.544592 -0.358401 0.241155
F -1.55405 1.63156 -2.40959
E 1.46636 0.800739 -0.540872 0.800739 0.688205 -0.362413 -0.540872 -0.362413 0.241439
F -1.5705 1.6159 -2.35228
E 1.4485 0.803073 -0.536887 0.803073 0.699526 -0.366176 -0.536887 -0.366176 0.241727
F -1.58552 1.59999 -2.30216
E 1.4307 0.804549 -0.53288 0.804549 0.709976 -0.369618 -0.53288 -0.369618 0.24197
F -1.60023 1.58257 -2.24248
E 1.41132 0.805017 -0.528476 0.805017 0.72012 -0.372933 -0.528476 -0.372933 0.242265
F -1.61352 1.56514 -2.20136
E 1.39241 0.804902 -0.524138 0.804902 0.729526 -0.375984 -0.524138 -0.375984 0.242511
F -1.6265 1.5464 -2.15255
E 1.37223 0.803896 -0.519462 0.803896 0.738634 -0.378917 -0.519462 -0.378917 0.242798
F -1.63815 1.5277 -2.10321
E 1.35233 0.802121 -0.5148 0.802121 0.746783 -0.381525 -0.5148 -0.381525 0.243048
F -1.64845 1.50939 -2.06297
E 1.33315 0.79986 -0.510262 0.79986 0.754099 -0.383853 -0.510262 -0.383853 0.243255
F -1.65887 1.48879 -2.01532
E 1.31175 0.796538 -0.505148 0.796538 0.761366 -0.386153 -0.505148 -0.386153 0.243557
F -1.66812 1.4686 -1.98528
E 1.29119 0.792961 -0.500176 0.792961 0.768059 -0.388263 -0.500176 -0.388263 0.243828
F -1.6769 1.44742 -1.94234
E 1.26976 0.788496 -0.494936 0.788496 0.774186 -0.390185 -0.494936 -0.390185 0.244122
F -1.6847 1.42635 -1.90842
E 1.24877 0.783649 -0.489742 0.783649 0.779727 -0.391917 -0.489742 -0.391917 0.244401
F -1.68948 1.4121 -1.88024
E 1.23474 0.780142 -0.486229 0.780142 0.783162 -0.392987 -0.486229 -0.392987 0.244455
F -1.69573 1.39091 -1.83504
E 1.214 0.774261 -0.480993 0.774261 0.787329 -0.394282 -0.480993 -0.394282 0.244708
F -1.70091 1.36942 -1.78003
E 1.1932 0.767594 -0.475679 0.767594 0.79049 -0.39526 -0.475679 -0.39526 0.244965
F -1.70527 1.3464 -1.73607
E 1.17128 0.760006 -0.470005 0.760006 0.793144 -0.39608 -0.470005 -0.39608 0.245286
F -1.70846 1.3244 -1.69342
E 1.15061 0.752294 -0.464585 0.752294 0.794932 -0.396631 -0.464585 -0.396631 0.245546
F -1.71193 1.28029 -1.60514
E 1.11006 0.734628 -0.453807 0.734628 0.79467 -0.396431 -0.453807 -0.396431 0.24962
F -1.71229 1.25811 -1.5684
E 1.09006 0.725635 -0.448274 0.725635 0.794309 -0.396313 -0.448274 -0.396313 0.249881
F -1.71176 1.23632 -1.52462
E 1.07069 0.716364 -0.442841 0.716364 0.79314 -0.395938 -0.442841 -0.395938 0.250121
F -1.71004 1.21254 -1.47254
E 1.04989 0.705716 -0.436926 0.705716 0.790809 -0.395192 -0.436926 -0.395192 0.250464
F -1.70716 1.18917 -1.42406
E 1.02975 0.694823 -0.431113 0.694823 0.787652 -0.39418 -0.431113 -0.39418 0.250791
F -1.70324 1.16634 -1.37739
E 1.01038 0.683793 -0.425438 0.683793 0.783737 -0.392922 -0.425438 -0.392922 0.251096
F -1.69843 1.14402 -1.33953
E 0.991687 0.672733 -0.419881 0.672733 0.779307 -0.391494 -0.419881 -0.391494 0.251389
F -1.69267 1.12167 -1.29776
E 0.973262 0.661318 -0.414323 0.661318 0.774088 -0.389802 -0.414323 -0.389802 0.251692
F -1.6884 1.10699 -1.27716
E 0.96123 0.653754 -0.410651 0.653754 0.770527 -0.388649 -0.410651 -0.388649 0.251753
F -1.68126 1.08523 -1.23098
E 0.943767 0.642144 -0.405256 0.642144 0.764229 -0.386591 -0.405256 -0.386591 0.252045
F -1.67316 1.06395 -1.18314
E 0.926968 0.630438 -0.39999 0.630438 0.757212 -0.384282 -0.39999 -0.384282 0.252331
F -1.66459 1.04419 -1.13924
E 0.91158 0.619274 -0.395099 0.619274 0.749987 -0.381891 -0.395099 -0.381891 0.252559
F -1.65476 1.02402 -1.09571
E 0.896097 0.607574 -0.39011 0.607574 0.741851 -0.379177 -0.39011 -0.379177 0.252828
F -1.6442 1.00435 -1.06084
E 0.881144 0.595934 -0.385224 0.595934 0.733365 -0.376323 -0.385224 -0.376323 0.253098
F -1.63292 0.984853 -1.03156
E 0.866481 0.584221 -0.380366 0.584221 0.724486 -0.373309 -0.380366 -0.373309 0.253387
F -1.62154 0.966193 -1.01464
E 0.852523 0.572936 -0.375677 0.572936 0.715791 -0.370331 -0.375677 -0.370331 0.253669
F -1.60977 0.947363 -1.00948
E 0.838512 0.561585 -0.370905 0.561585 0.707038 -0.367302 -0.370905 -0.367302 0.254014
F -1.59771 0.928445 -0.9975
E 0.824679 0.550197 -0.366125 0.550197 0.698058 -0.364165 -0.366125 -0.364165 0.254345
F -1.58507 0.90887 -0.997671
E 0.81044 0.538506 -0.361126 0.538506 0.688901 -0.360932 -0.361126 -0.360932 0.254796
F -1.57322 0.890654 -0.990479
E 0.797431 0.527693 -0.356495 0.527693 0.680291 -0.357863 -0.356495 -0.357863 0.255104
F -1.56038 0.870912 -0.997681
E 0.783393 0.516135 -0.351418 0.516135 0.671246 -0.354595 -0.351418 -0.354595 0.255624
F -1.5483 0.85245 -0.98541
E 0.770611 0.505379 -0.346726 0.505379 0.662563 -0.351434 -0.346726 -0.351434 0.255932
F -1.54012 0.840114 -0.98522
E 0.762099 0.498234 -0.343566 0.498234 0.656829 -0.349337 -0.343566 -0.349337 0.256005
F -1.52751 0.821175 -0.981025
E 0.749216 0.487338 -0.338718 0.487338 0.648002 -0.346066 -0.338718 -0.346066 0.256392
F -1.51521 0.80289 -0.976374
E 0.736955 0.476896 -0.334032 0.476896 0.639473 -0.342873 -0.334032 -0.342873 0.256729
F -1.50198 0.783419 -0.971663
E 0.724089 0.465861 -0.329034 0.465861 0.630387 -0.339429 -0.329034 -0.339429 0.257169
F -1.48931 0.76499 -0.965665
E 0.712102 0.455491 -0.324301 0.455491 0.621759 -0.336124 -0.324301 -0.336124 0.257521
F -1.4766 0.746651 -0.963351
E 0.700315 0.445262 -0.319573 0.445262 0.613226 -0.332818 -0.319573 -0.332818 0.257887
F -1.46365 0.728005 -0.964548
E 0.688479 0.434986 -0.314745 0.434986 0.60467 -0.329463 -0.314745 -0.329463 0.258299
F -1.45087 0.709538 -0.965987
E 0.676934 0.424943 -0.309956 0.424943 0.596308 -0.326147 -0.309956 -0.326147 0.258695
F -1.43789 0.691073 -0.950621
E 0.665701 0.414943 -0.305218 0.414943 0.587709 -0.322699 -0.305218 -0.322699 0.259022
F -1.4252 0.673551 -0.936896
E 0.655193 0.405458 -0.300715 0.405458 0.579406 -0.319333 -0.300715 -0.319333 0.259302
F -1.41161 0.65541 -0.91902
E 0.644516 0.395628 -0.296061 0.395628 0.570576 -0.315707 -0.296061 -0.315707 0.259627
F -1.39806 0.637938 -0.902954
E 0.634381 0.38615 -0.29157 0.38615 0.561893 -0.312098 -0.29157 -0.312098 0.259925
F -1.38855 0.626091 -0.886194
E 0.627603 0.379704 -0.28853 0.379704 0.555862 -0.309572 -0.28853 -0.309572 0.259986
F -1.37465 0.609417 -0.86584
E 0.618218 0.370587 -0.284257 0.370587 0.547105 -0.305856 -0.284257 -0.305856 0.260251
F -1.36058 0.593302 -0.839855
E 0.609335 0.361715 -0.280149 0.361715 0.538298 -0.30207 -0.280149 -0.30207 0.260489
F -1.34534 0.576854 -0.807447
E 0.60047 0.352552 -0.275982 0.352552 0.528844 -0.297947 -0.275982 -0.297947 0.260767
F -1.32998 0.561479 -0.764009
E 0.59242 0.343817 -0.272138 0.343817 0.519369 -0.293754 -0.272138 -0.293754 0.261004
F -1.31312 0.54586 -0.730848
E 0.58429 0.334742 -0.268193 0.334742 0.50925 -0.289202 -0.268193 -0.289202 0.261311
F -1.29638 0.531209 -0.707051
E 0.576704 0.326106 -0.264454 0.326106 0.499447 -0.284718 -0.264454 -0.284718 0.261596
F -1.27913 0.516826 -0.682757
E 0.569374 0.317544 -0.260786 0.317544 0.48951 -0.280094 -0.260786 -0.280094 0.261891
F -1.26243 0.503568 -0.658879
E 0.562715 0.309565 -0.257406 0.309565 0.480054 -0.275621 -0.257406 -0.275621 0.262129
F -1.24419 0.489824 -0.632772
E 0.555936 0.301192 -0.253911 0.301192 0.4699 -0.270725 -0.253911 -0.270725 0.262442
F -1.22583 0.476828 -0.599375
E 0.549694 0.293136 -0.250646 0.293136 0.459827 -0.265776 -0.250646 -0.265776 0.262722
F -1.20693 0.464261 -0.574063
E 0.543678 0.285172 -0.247452 0.285172 0.449712 -0.260706 -0.247452 -0.260706 0.263028
F -1.18762 0.452122 -0.548256
E 0.537957 0.277346 -0.244372 0.277346 0.439586 -0.255522 -0.244372 -0.255522 0.26334
F -1.16886 0.441019 -0.520656
E 0.532817 0.27004 -0.241569 0.27004 0.429944 -0.250484 -0.241569 -0.250484 0.263594
F -1.15557 0.433595 -0.498512
E 0.529388 0.265032 -0.239686 0.265032 0.423257 -0.246936 -0.239686 -0.246936 0.263653
F -1.13557 0.423189 -0.460875
E 0.524791 0.257819 -0.237124 0.257819 0.413303 -0.241541 -0.237124 -0.241541 0.263932
F -1.11588 0.413727 -0.435196
E 0.520568 0.250982 -0.234743 0.250982 0.403785 -0.236262 -0.234743 -0.236262 0.264192
F -1.09535 0.404584 -0.402705
E 0.516613 0.244142 -0.232485 0.244142 0.394065 -0.230741 -0.232485 -0.230741 0.264472
F -1.07459 0.396048 -0.377317
E 0.512909 0.237465 -0.230347 0.237465 0.384503 -0.22517 -0.230347 -0.22517 0.264765
F -1.05375 0.38821 -0.34218
E 0.509654 0.231047 -0.228448 0.231047 0.37512 -0.219562 -0.228448 -0.219562 0.265032
F -1.03285 0.381108 -0.312961
E 0.506702 0.22484 -0.226709 0.22484 0.365975 -0.213949 -0.226709 -0.213949 0.265297
F -1.01174 0.374642 -0.281447
E 0.504085 0.218805 -0.225151 0.218805 0.356981 -0.208276 -0.225151 -0.208276 0.265559
F -0.990227 0.36882 -0.24723
E 0.501805 0.212892 -0.223781 0.212892 0.34807 -0.202493 -0.223781 -0.202493 0.265828
F -0.968125 0.363614 -0.215462
E 0.499797 0.207029 -0.222562 0.207029 0.33919 -0.196553 -0.222562 -0.196553 0.266122
F -0.946797 0.359252 -0.188022
E 0.498123 0.201538 -0.221538 0.201538 0.330886 -0.190827 -0.221538 -0.190827 0.266375
F -0.924986 0.355469 -0.155423
E 0.496767 0.196115 -0.2207 0.196115 0.322649 -0.184966 -0.2207 -0.184966 0.266639
F -0.90253 0.35238 -0.117939
E 0.495779 0.190737 -0.220079 0.190737 0.314443 -0.178929 -0.220079 -0.178929 0.266923
F -0.880604 0.350068 -0.0922131
E 0.495013 0.185599 -0.219591 0.185599 0.306708 -0.17304 -0.219591 -0.17304 0.267194
F -0.865688 0.348835 -0.0726572
E 0.4946 0.18216 -0.219335 0.18216 0.301598 -0.169045 -0.219335 -0.169045 0.26725
F -0.843149 0.347485 -0.0470498
E 0.494263 0.177087 -0.219105 0.177087 0.294107 -0.16299 -0.219105 -0.16299 0.267549
F -0.820797 0.346823 -0.0121479
E 0.494317 0.172207 -0.219115 0.172207 0.286953 -0.156985 -0.219115 -0.156985 0.267821
F -0.798248 0.346973 0.0254472
E 0.494756 0.167424 -0.219359 0.167424 0.280018 -0.15093 -0.219359 -0.15093 0.268099
F -0.775706 0.347984 0.0641942
E 0.495585 0.162766 -0.219842 0.162766 0.273368 -0.144879 -0.219842 -0.144879 0.268378
F -0.753145 0.349789 0.0955051
E 0.496693 0.158171 -0.220492 0.158171 0.266988 -0.13882 -0.220492 -0.13882 0.268669
F -0.730266 0.352272 0.120714
E 0.498046 0.15355 -0.221288 0.15355 0.260798 -0.132667 -0.221288 -0.132667 0.268993
F -0.708094 0.355216 0.143262
E 0.499575 0.149098 -0.22219 0.149098 0.255067 -0.126699 -0.22219 -0.126699 0.269288
F -0.685832 0.358827 0.178386
E 0.501534 0.144714 -0.22335 0.144714 0.249596 -0.120721 -0.22335 -0.120721 0.269569
F -0.663774 0.363134 0.207198
E 0.503749 0.140386 -0.224658 0.140386 0.244434 -0.114789 -0.224658 -0.114789 0.269856
F -0.642687 0.367912 0.238532
E 0.506201 0.13628 -0.226106 0.13628 0.23975 -0.109124 -0.226106 -0.109124 0.270096
F -0.619979 0.373728 0.262866
E 0.509093 0.131837 -0.227797 0.131837 0.234966 -0.103004 -0.227797 -0.103004 0.270449
F -0.598738 0.379694 0.284839
E 0.512037 0.127657 -0.229515 0.127657 0.230741 -0.097276 -0.229515 -0.097276 0.270729
F -0.583866 0.38415 0.297348
E 0.514174 0.124691 -0.230766 0.124691 0.227918 -0.0932598 -0.230766 -0.0932598 0.2708
F -0.561605 0.390719 0.297346
E 20.2714 -19.6221 -0.177067 -19.6221 19.9543 -0.142638 -0.177067 -0.142638 0.271267
F -0.53978 0.397498 0.304943
E 20.2738 -19.625 -0.178921 -19.625 19.9482 -0.136704 -0.178921 -0.136704 0.271644
F -0.518679 0.404113 0.302684
E 20.2762 -19.6279 -0.180675 -19.6279 19.9425 -0.130941 -0.180675 -0.130941 0.272021
F -0.498188 0.410422 0.294662
E 20.2784 -19.6309 -0.182317 -19.6309 19.9373 -0.125326 -0.182317 -0.125326 0.272387
F -0.476439 0.417093 0.300589
E 20.2809 -19.634 -0.184139 -19.634 19.932 -0.119386 -0.184139 -0.119386 0.272764
F -0.455338 0.423555 0.293776
E 20.2833 -19.6372 -0.185831 -19.6372 19.927 -0.113589 -0.185831 -0.113589 0.273165
F -0.433666 0.429908 0.276541
E 20.2855 -19.6406 -0.187422 -19.6406 19.9222 -0.107601 -0.187422 -0.107601 0.273685
F -0.411494 0.43602 0.261404
E 20.2877 -19.6442 -0.18896 -19.6442 19.9176 -0.101468 -0.18896 -0.101468 0.274223
F -0.390166 0.441705 0.259601
E 20.2898 -19.6477 -0.190479 -19.6477 19.9134 -0.0955889 -0.190479 -0.0955889 0.274595
F -0.368167 0.447427 0.249316
E 20.2919 -19.6514 -0.191949 -19.6514 19.9093 -0.0894966 -0.191949 -0.0894966 0.27507
F -0.346481 0.452843 0.240162
E 20.2939 -19.6551 -0.193349 -19.6551 19.9055 -0.0834853 -0.193349 -0.0834853 0.275508
F -0.324867 0.457998 0.22809
E 20.2959 -19.6589 -0.194661 -19.6589 19.902 -0.0774799 -0.194661 -0.0774799 0.275956
F -0.302629 0.463148 0.227049
E 20.2979 -19.6629 -0.196042 -19.6629 19.8987 -0.0713097 -0.196042 -0.0713097 0.276377
F -0.287533 0.466629 0.226218
E 20.2992 -19.6656 -0.196994 -19.6656 19.8966 -0.0671299 -0.196994 -0.0671299 0.276466
F -0.266101 0.471531 0.223488
E 20.3011 -19.6695 -0.198303 -19.6695 19.8939 -0.0611729 -0.198303 -0.0611729 0.276838
F -0.243388 0.476702 0.224124
E 20.3032 -19.6738 -0.199703 -19.6738 19.8913 -0.0548524 -0.199703 -0.0548524 0.277283
F -0.220514 0.481875 0.220786
E 20.3053 -19.6781 -0.201077 -19.6781 19.8889 -0.0484686 -0.201077 -0.0484686 0.277766
F -0.198686 0.486642 0.209173
E 20.3071 -19.6823 -0.202294 -19.6823 19.8869 -0.0423559 -0.202294 -0.0423559 0.278221
F -0.17635 0.491306 0.202533
E 20.3089 -19.6866 -0.203514 -19.6866 19.8852 -0.0360984 -0.203514 -0.0360984 0.278677
F -0.153878 0.495742 0.187315
E 20.3106 -19.6911 -0.204612 -19.6911 19.8837 -0.0297771 -0.204612 -0.0297771 0.279207
F -0.131955 0.499675 0.167649
E 20.312 -19.6955 -0.205548 -19.6955 19.8825 -0.023596 -0.205548 -0.023596 0.279722
F -0.110036 0.503317 0.161655
E 20.3135 -19.7 -0.206497 -19.7 19.8816 -0.0174272 -0.206497 -0.0174272 0.280129
F -0.0885637 0.506748 0.155315
E 20.3148 -19.7044 -0.20739 -19.7044 19.881 -0.0113771 -0.20739 -0.0113771 0.280505
F -0.0665573 0.510155 0.151824
E 20.3162 -19.7089 -0.208292 -19.7089 19.8806 -0.00517039 -0.208292 -0.00517039 0.2809
F -0.0449473 0.513441 0.149995
E 20.3176 -19.7134 -0.209175 -19.7134 19.8805 0.000929247 -0.209175 0.000929247 0.281258
F -0.0227197 0.516648 0.136577
E 20.3188 -19.7181 -0.209954 -19.7181 19.8807 0.00722968 -0.209954 0.00722968 0.281736
F 3.79011e-05 0.519592 0.120709
E 20.3199 -19.7229 -0.210638 -19.7229 19.8812 0.0136959 -0.210638 0.0136959 0.282275
F 0.0229875 0.522182 0.104091
E 20.3208 -19.7278 -0.211216 -19.7278 19.882 0.0202292 -0.211216 0.0202292 0.282835
F 0.0378098 0.523721 0.102811
E 20.3215 -19.731 -0.21164 -19.731 19.8827 0.0244281 -0.21164 0.0244281 0.282912
F 0.060827 0.526091 0.102362
E 20.3225 -19.7359 -0.212272 -19.7359 19.8839 0.0309747 -0.212272 0.0309747 0.283352
F 0.0833099 0.528152 0.0804809
E 20.3232 -19.7407 -0.212672 -19.7407 19.8855 0.037401 -0.212672 0.037401 0.283915
F 0.105508 0.529815 0.0690663
E 20.3238 -19.7455 -0.213036 -19.7455 19.8873 0.0437438 -0.213036 0.0437438 0.284362
F 0.126804 0.531101 0.0516109
E 20.3242 -19.7501 -0.213262 -19.7501 19.8893 0.0498387 -0.213262 0.0498387 0.284785
F 0.14975 0.53218 0.0423797
E 20.3245 -19.7551 -0.21347 -19.7551 19.8917 0.0564144 -0.21347 0.0564144 0.285272
F 0.172089 0.532939 0.0255399
E 20.3247 -19.7598 -0.213539 -19.7598 19.8944 0.0628297 -0.213539 0.0628297 0.285769
F 0.194578 0.533414 0.0166831
E 20.3248 -19.7647 -0.213582 -19.7647 19.8974 0.069293 -0.213582 0.069293 0.286215
F 0.216091 0.533683 0.00833612
E 20.3249 -19.7693 -0.213578 -19.7693 19.9005 0.0754805 -0.213578 0.0754805 0.286588
F 0.238722 0.533727 -0.00442861
E 20.3248 -19.7741 -0.213469 -19.7741 19.904 0.082005 -0.213469 0.082005 0.287074
F 0.261874 0.533415 -0.0225648
E 20.3244 -19.7789 -0.213213 -19.7789 19.908 0.088695 -0.213213 0.088695 0.287653
F 0.284257 0.53276 -0.0359751
E 20.324 -19.7836 -0.2129 -19.7836 19.9121 0.0951684 -0.2129 0.0951684 0.288126
F 0.306778 0.531703 -0.0577966
E 20.3234 -19.7882 -0.21241 -19.7882 19.9165 0.101694 -0.21241 0.101694 0.288685
F 0.329358 0.530151 -0.0794023
E 20.3225 -19.7928 -0.211777 -19.7928 19.9213 0.108247 -0.211777 0.108247 0.28925
F 0.344717 0.528851 -0.08958
E 20.3219 -19.7959 -0.211347 -19.7959 19.9247 0.112694 -0.211347 0.112694 0.289359
F 0.367022 0.526544 -0.116543
E 20.3207 -19.8002 -0.210459 -19.8002 19.9298 0.119177 -0.210459 0.119177 0.28996
F 0.389191 0.523754 -0.133774
E 20.3194 -19.8045 -0.209501 -19.8045 19.9352 0.12563 -0.209501 0.12563 0.290459
F 0.412195 0.520525 -0.145183
E 20.3179 -19.8088 -0.208446 -19.8088 19.9412 0.132343 -0.208446 0.132343 0.290985
F 0.434466 0.517105 -0.159591
E 20.3163 -19.813 -0.20732 -19.813 19.9472 0.138849 -0.20732 0.138849 0.291477
F 0.457186 0.513423 -0.161695
E 20.3148 -19.8171 -0.206199 -19.8171 19.9537 0.145505 -0.206199 0.145505 0.291918
F 0.479751 0.509803 -0.156436
E 20.3134 -19.8212 -0.205147 -19.8212 19.9604 0.152128 -0.205147 0.152128 0.292306
F 0.50201 0.506318 -0.154159
E 20.312 -19.8253 -0.204113 -19.8253 19.9673 0.158668 -0.204113 0.158668 0.292687
F 0.523672 0.503139 -0.137309
E 20.3108 -19.8292 -0.203267 -19.8292 19.9743 0.165046 -0.203267 0.165046 0.29297
F 0.545709 0.500175 -0.130085
E 20.3097 -19.8332 -0.202419 -19.8332 19.9818 0.171536 -0.202419 0.171536 0.293308
F 0.567597 0.497442 -0.118357
E 20.3087 -19.8372 -0.201669 -19.8372 19.9894 0.177989 -0.201669 0.177989 0.293618
F 0.590808 0.494541 -0.130296
E 20.3074 -19.8413 -0.200694 -19.8413 19.9978 0.184838 -0.200694 0.184838 0.294163
F 0.613159 0.491656 -0.12646
E 20.3063 -19.8453 -0.199841 -19.8453 20.0063 0.191446 -0.199841 0.191446 0.294536
F 0.635016 0.488969 -0.118151
E 20.3053 -19.8491 -0.199078 -19.8491 20.0148 0.197916 -0.199078 0.197916 0.294856
F 0.65742 0.486315 -0.117777
E 20.3042 -19.853 -0.198267 -19.853 20.0238 0.204554 -0.198267 0.204554 0.29525
F 0.671682 0.484727 -0.104
E 20.3037 -19.8556 -0.197852 -19.8556 20.0297 0.208775 -0.197852 0.208775 0.2953
F 0.693856 0.48255 -0.0917265
E 20.3029 -19.8596 -0.197265 -19.8596 20.0391 0.215356 -0.197265 0.215356 0.295621
F 0.715737 0.480558 -0.0898556
E 20.3022 -19.8634 -0.196661 -19.8634 20.0487 0.221854 -0.196661 0.221854 0.295967
F 0.738865 0.478674 -0.0727054
E 20.3016 -19.8677 -0.196192 -19.8677 20.0591 0.228736 -0.196192 0.228736 0.296327
F 0.761085 0.477189 -0.0608135
E 20.3011 -19.8717 -0.195805 -19.8717 20.0694 0.235352 -0.195805 0.235352 0.296649
F 0.783321 0.476183 -0.0295735
E 20.301 -19.876 -0.195691 -19.876 20.0801 0.241976 -0.195691 0.241976 0.296921
F 0.805162 0.475726 -0.0122809
E 20.301 -19.8803 -0.195645 -19.8803 20.0908 0.248484 -0.195645 0.248484 0.2972
F 0.827437 0.475601 0.00111378
E 20.301 -19.8847 -0.195671 -19.8847 20.102 0.25513 -0.195671 0.25513 0.297517
F 0.850078 0.47583 0.0191103
E 20.3013 -19.8893 -0.195835 -19.8893 20.1137 0.261889 -0.195835 0.261889 0.29784
F 0.872971 0.476484 0.037983
E 20.3017 -19.894 -0.196131 -19.894 20.1258 0.268729 -0.196131 0.268729 0.298175
F 0.895627 0.477512 0.0526712
E 20.3023 -19.8989 -0.19651 -19.8989 20.1382 0.275506 -0.19651 0.275506 0.298512
F 0.917805 0.479016 0.0828125
E 20.3031 -19.9038 -0.197136 -19.9038 20.1505 0.282132 -0.197136 0.282132 0.298783
F 0.939609 0.481077 0.105683
E 20.3041 -19.9088 -0.197879 -19.9088 20.1629 0.288651 -0.197879 0.288651 0.299052
F 0.961788 0.483657 0.125882
E 20.3053 -19.9141 -0.19876 -19.9141 20.1758 0.29529 -0.19876 0.29529 0.29935
F 0.976948 0.485614 0.130941
E 20.3061 -19.9177 -0.199363 -19.9177 20.1849 0.299831 -0.199363 0.299831 0.299426
F 0.999447 0.488809 0.151146
E 20.3076 -19.9233 -0.20043 -19.9233 20.1985 0.306572 -0.20043 0.306572 0.299747
F 1.02171 0.492463 0.174192
E 20.3093 -19.9291 -0.201654 -19.9291 20.2122 0.313242 -0.201654 0.313242 0.300051
F 1.04344 0.496547 0.197399
E 20.3111 -19.9349 -0.203008 -19.9349 20.2259 0.319752 -0.203008 0.319752 0.300329
F 1.06456 0.500914 0.210427
E 20.313 -19.9407 -0.204379 -19.9407 20.2395 0.326098 -0.204379 0.326098 0.300607
F 1.08636 0.505744 0.225499
E 20.3151 -19.9468 -0.205905 -19.9468 20.2538 0.332655 -0.205905 0.332655 0.300921
F 1.10776 0.510812 0.239683
E 20.3174 -19.953 -0.207497 -19.953 20.2681 0.339093 -0.207497 0.339093 0.301219
F 1.13012 0.516313 0.242756
E 20.3197 -19.9596 -0.209142 -19.9596 20.2834 0.345854 -0.209142 0.345854 0.30163
F 1.1515 0.521656 0.247089
E 20.322 -19.966 -0.210754 -19.966 20.2984 0.35232 -0.210754 0.35232 0.301968
F 1.17312 0.52728 0.261949
E 20.3245 -19.9727 -0.212524 -19.9727 20.3137 0.358846 -0.212524 0.358846 0.302284
F 1.19541 0.533414 0.274957
E 20.3272 -19.9797 -0.214436 -19.9797 20.3298 0.365588 -0.214436 0.365588 0.302655
F 1.21732 0.539709 0.284633
E 20.33 -19.9868 -0.216376 -19.9868 20.3459 0.372227 -0.216376 0.372227 0.303018
F 1.23947 0.546216 0.286773
E 20.3329 -19.9941 -0.218329 -19.9941 20.3625 0.378966 -0.218329 0.378966 0.303439
F 1.25347 0.550429 0.298002
E 20.3348 -19.9988 -0.21965 -19.9988 20.3731 0.383202 -0.21965 0.383202 0.303495
F 1.2746 0.557081 0.312022
E 20.3379 -20.0061 -0.221734 -20.0061 20.3894 0.389609 -0.221734 0.389609 0.303802
F 1.29548 0.563967 0.325118
E 20.3411 -20.0136 -0.223885 -20.0136 20.4057 0.395945 -0.223885 0.395945 0.304103
F 1.31711 0.571272 0.326105
E 20.3444 -20.0214 -0.226081 -20.0214 20.423 0.402552 -0.226081 0.402552 0.304512
F 1.33824 0.578558 0.338148
E 20.3478 -20.0292 -0.228351 -20.0292 20.4401 0.408981 -0.228351 0.408981 0.304838
F 1.35926 0.586116 0.352247
E 20.3514 -20.0372 -0.23072 -20.0372 20.4573 0.415377 -0.23072 0.415377 0.305155
F 1.37985 0.593954 0.375147
E 20.3553 -20.0455 -0.233234 -20.0455 20.4744 0.421624 -0.233234 0.421624 0.305431
F 1.40147 0.60254 0.38082
E 20.3594 -20.0542 -0.235861 -20.0542 20.4927 0.428243 -0.235861 0.428243 0.305846
F 1.42238 0.610963 0.385095
E 20.3634 -20.0628 -0.238436 -20.0628 20.5107 0.434652 -0.238436 0.434652 0.306217
F 1.44377 0.619887 0.405572
E 20.3679 -20.072 -0.241275 -20.072 20.5293 0.441167 -0.241275 0.441167 0.306565
F 1.46475 0.628974 0.411879
E 20.3724 -20.0812 -0.244071 -20.0812 20.5479 0.447608 -0.244071 0.447608 0.306948
F 1.48529 0.637963 0.413027
E 20.3768 -20.0903 -0.246808 -20.0903 20.5664 0.453937 -0.246808 0.453937 0.307328
F 1.5056 0.647006 0.424895
E 20.3814 -20.0995 -0.249637 -20.0995 20.5849 0.460166 -0.249637 0.460166 0.307647
F 1.51869 0.652963 0.429278
E 20.3844 -20.1056 -0.251482 -20.1056 20.597 0.464189 -0.251482 0.464189 0.307707
F 1.54002 0.662868 0.439992
E 20.3895 -20.1157 -0.254569 -20.1157 20.6168 0.470749 -0.254569 0.470749 0.308115
F 1.56007 0.672162 0.428191
E 20.3942 -20.1251 -0.257326 -20.1251 20.6359 0.476989 -0.257326 0.476989 0.308552
F 1.58238 0.68246 0.436605
E 20.3996 -20.1359 -0.260522 -20.1359 20.6573 0.483881 -0.260522 0.483881 0.309054
F 1.60283 0.692329 0.462777
E 20.4051 -20.1463 -0.263713 -20.1463 20.6769 0.490137 -0.263713 0.490137 0.309359
F 1.62298 0.702566 0.477333
E 20.4107 -20.1568 -0.266945 -20.1568 20.6967 0.496346 -0.266945 0.496346 0.309691
F 1.64291 0.713013 0.48837
E 20.4164 -20.1674 -0.270223 -20.1674 20.7165 0.502504 -0.270223 0.502504 0.31003
F 1.66251 0.72354 0.497356
E 20.4222 -20.1781 -0.273516 -20.1781 20.7362 0.508572 -0.273516 0.508572 0.310361
F 1.68187 0.734252 0.513261
E 20.4283 -20.1891 -0.276913 -20.1891 20.7558 0.514547 -0.276913 0.514547 0.310661
F 1.70135 0.745368 0.523779
E 20.4346 -20.2003 -0.280405 -20.2003 20.7759 0.520584 -0.280405 0.520584 0.310997
F 1.71443 0.753011 0.534151
E 20.439 -20.208 -0.282819 -20.208 20.7894 0.52463 -0.282819 0.52463 0.311064
F 1.73415 0.765059 0.562617
E 20.4461 -20.2202 -0.286716 -20.2202 20.8099 0.530676 -0.286716 0.530676 0.311387
F 1.75327 0.777255 0.573033
E 20.4533 -20.2323 -0.29055 -20.2323 20.8302 0.53661 -0.29055 0.53661 0.311739
F 1.79027 0.801178 0.574907
E 20.4675 -20.2561 -0.297576 -20.2561 20.8703 0.548439 -0.297576 0.548439 0.317412
F 1.80943 0.813826 0.591809
E 20.4752 -20.269 -0.301668 -20.269 20.8912 0.554474 -0.301668 0.554474 0.317758
F 1.82044 0.821221 0.591925
E 20.4797 -20.2764 -0.304015 -20.2764 20.9034 0.557972 -0.304015 0.557972 0.317805
F 1.82269 0.822739 0.591832
E 20.4806 -20.278 -0.304498 -20.278 20.906 0.55869 -0.304498 0.55869 0.317805
F 1.82269 0.822739 0.591831
E 20.4806 -20.278 -0.304498 -20.278 20.906 0.55869 -0.304498 0.55869 0.317805
F 1.82269 0.822739 0.591822
E 20.4806 -20.278 -0.304498 -20.278 20.906 0.55869 -0.304498 0.55869 0.317805
F 1.8227 0.822739 0.591811
E 20.4806 -20.278 -0.304498 -20.278 20.906 0.55869 -0.304498 0.55869 0.317805
F 1.8227 0.822739 0.591804
E 20.4806 -20.278 -0.304498 -20.278 20.906 0.55869 -0.304498 0.55869 0.317805
F 1.8227 0.82274 0.591797
E 20.4806 -20.278 -0.304498 -20.278 20.906 0.55869 -0.304498 0.55869 0.317805
F 1.8227 0.82274 0.591792
E 20.4806 -20.278 -0.304498 -20.278 20.906 0.55869 -0.304498 0.55869 0.317805
F 1.8227 0.82274 0.591788
E 20.4806 -20.278 -0.304498 -20.278 20.906 0.55869 -0.304498 0.55869 0.317805
F 1.8227 0.82274 0.591788
E 20.4806 -20.278 -0.304498 -20.278 20.906 0.55869 -0.304498 0.55869 0.317805
F 1.8227 0.82274 0.591786
E 20.4806 -20.278 -0.304498 -20.278 20.906 0.55869 -0.304498 0.55869 0.317805
F 1.8227 0.82274 0.59178
E 20.4806 -20.278 -0.304498 -20.278 20.906 0.55869 -0.304498 0.55869 0.317805
F 1.8227 0.82274 0.591778
E 20.4806 -20.278 -0.304498 -20.278 20.906 0.55869 -0.304498 0.55869 0.317805
F 1.8227 0.82274 0.59178
E 20.4806 -20.278 -0.304498 -20.278 20.906 0.55869 -0.304498 0.55869 0.317805
F 1.8227 0.82274 0.591783
E 20.4806 -20.278 -0.304498 -20.278 20.906 0.55869 -0.304498 0.55869 0.317805
F 1.8227 0.82274 0.591784
E 20.4806 -20.278 -0.304498 -20.278 20.906 0.55869 -0.304498 0.55869 0.317805
F 1.8227 0.82274 0.591788
E 20.4806 -20.278 -0.304498 -20.278 20.906 0.55869 -0.304498 0.55869 0.317805
F 1.8227 0.82274 0.591795
E 20.4806 -20.278 -0.304498 -20.278 20.906 0.55869 -0.304498 0.55869 0.317805
F 1.8227 0.82274 0.591802
E 20.4806 -20.278 -0.304498 -20.278 20.906 0.55869 -0.304498 0.55869 0.317805
F 1.8227 0.82274 0.591806
E 20.4806 -20.278 -0.304498 -20.278 20.906 0.55869 -0.304498 0.55869 0.317805
F 1.8227 0.82274 0.59181
E 20.4806 -20.278 -0.304498 -20.278 20.906 0.55869 -0.304498 0.55869 0.317805
F 1.8227 0.82274 0.591814
E 20.4806 -20.278 -0.304498 -20.278 20.906 0.55869 -0.304498 0.55869 0.317805
F 1.8227 0.82274 0.591819
E 20.4806 -20.278 -0.304498 -20.278 20.906 0.55869 -0.304498 0.55869 0.317805
