M 0 0 0 4.60507 -129.642
M 13.199 0 3 10.1729 -129.642
M 0 3.599 3 6.11515 -129.642
M 13.199 3.599 3 10.6546 -129.642
C 12 7
M 0 0 0 4.60507 -129.171
M 13.199 0 3 10.1914 -129.171
M 0 3.599 3 6.02251 -129.171
M 13.199 3.599 3 10.6917 -129.171
C -5 -6
M 0 0 0 4.59581 -130.374
M 13.199 0 3 10.1173 -130.374
M 0 3.599 3 6.07809 -130.374
M 13.199 3.599 3 10.6546 -130.374
C -15 -16
M 0 0 0 4.59581 -130.521
M 13.199 0 3 10.1173 -130.521
M 0 3.599 3 6.11515 -130.521
M 13.199 3.599 3 10.6917 -130.521
C -7 -1
M 0 0 0 4.60507 -131.058
M 13.199 0 3 10.1914 -131.058
C 11 10
M 13.199 3.599 3 10.6917 -131.198
C 14 10
M 0 0 0 4.63287 -130.321
M 13.199 0 3 10.1729 -130.321
M 0 3.599 3 6.05956 -130.321
M 13.199 3.599 3 10.6546 -130.321
C 3 0
M 0 0 0 4.54022 -129.336
M 13.199 0 3 10.1729 -129.336
M 0 3.599 3 6.07809 -129.336
M 13.199 3.599 3 10.6546 -129.336
C -12 -12
M 0 0 0 4.58655 -130.01
M 13.199 0 3 10.1729 -130.01
M 0 3.599 3 6.04103 -130.01
M 13.199 3.599 3 10.6546 -130.01
C -10 -8
M 0 0 0 4.59581 -130.367
M 13.199 0 3 10.1173 -130.367
M 0 3.599 3 6.05956 -130.367
M 13.199 3.599 3 10.7288 -130.367
C 0 1
M 0 0 0 4.59581 -130.164
M 13.199 0 3 10.1914 -130.164
M 0 3.599 3 6.02251 -130.164
M 13.199 3.599 3 10.6917 -130.164
C 14 11
M 13.199 0 3 10.1544 -129.396
M 0 3.599 3 6.09662 -129.396
M 13.199 3.599 3 10.7288 -129.396
C 13 10
C 0 0
M 0 0 0 4.56802 -128.835
M 13.199 0 3 10.1729 -128.835
M 0 3.599 3 6.09662 -128.835
M 13.199 3.599 3 10.7288 -128.835
C -11 -10
M 0 0 0 4.59581 -130.11
M 13.199 0 3 10.1358 -130.11
M 0 3.599 3 6.07809 -130.11
M 13.199 3.599 3 10.7658 -130.11
C -12 -11
M 0 0 0 4.59581 -129.844
M 13.199 0 3 10.1358 -129.844
M 0 3.599 3 6.09662 -129.844
C -5 -1
C 6 6
M 13.199 0 3 10.1173 -130.804
M 0 3.599 3 6.13368 -130.804
M 13.199 3.599 3 10.6917 -130.804
C 17 12
M 0 0 0 4.56802 -130.109
M 13.199 0 3 10.1358 -130.109
M 0 3.599 3 6.04103 -130.109
M 13.199 3.599 3 10.7288 -130.109
C 12 5
M 0 0 0 4.6236 -130.359
M 13.199 0 3 10.1358 -130.359
M 0 3.599 3 6.05956 -130.359
M 13.199 3.599 3 10.7288 -130.359
C -4 -4
M 0 0 0 4.60507 -131.638
M 13.199 0 3 10.1544 -131.638
M 0 3.599 3 6.02251 -131.638
M 13.199 3.599 3 10.7658 -131.638
C -23 -19
M 0 0 0 4.54949 -132.024
M 13.199 0 3 10.1729 -132.024
M 0 3.599 3 6.00398 -132.024
M 13.199 3.599 3 10.6917 -132.024
C -28 -21
M 0 0 0 4.61434 -131.544
M 13.199 0 3 10.1729 -131.544
M 0 3.599 3 6.05956 -131.544
M 13.199 3.599 3 10.6917 -131.544
C -5 -2
M 0 0 0 4.59581 -132.786
M 13.199 0 3 10.1358 -132.786
M 0 3.599 3 6.07809 -132.786
M 13.199 3.599 3 10.6546 -132.786
C -26 -5
M 0 0 0 4.57728 -132.71
M 13.199 0 3 10.1173 -132.71
M 0 3.599 3 6.00398 -132.71
M 13.199 3.599 3 10.6917 -132.71
C -33 -2
M 0 0 0 4.61434 -131.207
M 13.199 0 3 10.1358 -131.207
M 0 3.599 3 5.94839 -131.207
M 13.199 3.599 3 10.6917 -131.207
C -42 -13
M 0 0 0 4.57728 -129.59
M 13.199 0 3 10.0988 -129.59
M 0 3.599 3 5.89281 -129.59
M 13.199 3.599 3 10.5805 -129.59
C -40 -31
M 0 0 0 4.57728 -127.493
C -39 -37
M 13.199 0 3 10.0617 -126.116
M 0 3.599 3 5.89281 -126.116
M 13.199 3.599 3 10.7288 -126.116
C -39 -39
C -61 -58
M 0 0 0 4.57728 -125.882
M 13.199 0 3 10.0617 -125.882
M 0 3.599 3 5.85575 -125.882
M 13.199 3.599 3 10.6546 -125.882
C -77 -76
C -78 -76
M 0 0 0 4.63287 -124.74
M 13.199 0 3 10.0803 -124.74
M 0 3.599 3 5.81869 -124.74
M 13.199 3.599 3 10.6546 -124.74
C -83 -83
M 0 0 0 4.55875 -125.249
M 13.199 0 3 10.1173 -125.249
M 0 3.599 3 5.81869 -125.249
M 13.199 3.599 3 10.6176 -125.249
C -97 -97
M 0 0 0 4.56802 -124.484
M 13.199 0 3 10.1173 -124.484
M 0 3.599 3 5.81869 -124.484
M 13.199 3.599 3 10.6546 -124.484
C -106 -106
M 0 0 0 4.58655 -124.066
M 13.199 0 3 10.0988 -124.066
M 0 3.599 3 5.80016 -124.066
M 13.199 3.599 3 10.6546 -124.066
C -107 -108
M 0 0 0 4.63287 -122.844
M 13.199 0 3 10.0617 -122.844
M 0 3.599 3 5.80016 -122.844
M 13.199 3.599 3 10.5805 -122.844
C -109 -110
M 0 0 0 4.58655 -122.279
M 13.199 0 3 10.0803 -122.279
M 0 3.599 3 5.78164 -122.279
M 13.199 3.599 3 10.6176 -122.279
C -117 -118
M 0 0 0 4.59581 -122.049
C -118 -118
M 0 3.599 3 5.78164 -120.839
M 13.199 3.599 3 10.6176 -120.839
C -119 -119
M 0 0 0 4.59581 -119.888
M 13.199 0 3 10.1173 -119.888
M 0 3.599 3 5.81869 -119.888
M 13.199 3.599 3 10.6176 -119.888
C -125 -126
M 0 0 0 4.60507 -119.743
M 13.199 0 3 10.1358 -119.743
M 0 3.599 3 5.81869 -119.743
M 13.199 3.599 3 10.5805 -119.743
C -134 -137
M 0 0 0 4.61434 -119.566
M 13.199 0 3 10.1544 -119.566
M 0 3.599 3 5.80016 -119.566
M 13.199 3.599 3 10.6176 -119.566
C -138 -140
M 0 0 0 4.6236 -119.571
M 13.199 0 3 10.1173 -119.571
M 0 3.599 3 5.81869 -119.571
M 13.199 3.599 3 10.5435 -119.571
C -136 -136
C -132 -133
M 0 0 0 4.63287 -118.757
M 13.199 0 3 10.1729 -118.757
M 0 3.599 3 5.76311 -118.757
M 13.199 3.599 3 10.5435 -118.757
C -136 -138
M 0 0 0 4.63287 -119.334
M 13.199 0 3 10.1544 -119.334
M 0 3.599 3 5.68899 -119.334
M 13.199 3.599 3 10.5435 -119.334
C -140 -142
M 0 0 0 4.60507 -118.456
M 13.199 0 3 10.1729 -118.456
M 0 3.599 3 5.61488 -118.456
M 13.199 3.599 3 10.5805 -118.456
C -142 -145
M 0 0 0 4.60507 -119.511
M 13.199 0 3 10.1729 -119.511
M 0 3.599 3 5.55929 -119.511
M 13.199 3.599 3 10.5435 -119.511
C -141 -144
M 0 0 0 4.64213 -120.671
M 13.199 0 3 10.1358 -120.671
C -137 -140
M 13.199 3.599 3 10.5435 -121.049
C -134 -135
M 0 0 0 4.6236 -122.325
M 13.199 0 3 10.1544 -122.325
M 0 3.599 3 5.48518 -122.325
M 13.199 3.599 3 10.5064 -122.325
C -136 -139
M 0 0 0 4.60507 -121.788
M 13.199 0 3 10.21 -121.788
M 0 3.599 3 5.42959 -121.788
M 13.199 3.599 3 10.4323 -121.788
C -141 -144
M 0 0 0 4.66066 -122.96
M 13.199 0 3 10.1358 -122.96
M 0 3.599 3 5.35548 -122.96
M 13.199 3.599 3 10.5064 -122.96
C -141 -145
C -131 -135
M 0 0 0 4.64213 -124.14
M 13.199 0 3 10.2285 -124.14
M 0 3.599 3 5.24431 -124.14
M 13.199 3.599 3 10.4694 -124.14
C -133 -137
M 0 0 0 4.66992 -125.251
M 13.199 0 3 10.247 -125.251
M 0 3.599 3 5.24431 -125.251
M 13.199 3.599 3 10.5064 -125.251
C -140 -141
M 0 0 0 4.66992 -125.436
M 13.199 0 3 10.2655 -125.436
M 0 3.599 3 5.26284 -125.436
M 13.199 3.599 3 10.5064 -125.436
C -144 -148
M 0 0 0 4.67919 -124.774
M 13.199 0 3 10.247 -124.774
M 0 3.599 3 5.24431 -124.774
M 13.199 3.599 3 10.5064 -124.774
C -142 -146
C -136 -140
M 0 0 0 4.67919 -124.566
M 13.199 0 3 10.21 -124.566
C -140 -143
C -143 -145
M 0 0 0 4.70698 -125.053
M 0 3.599 3 5.20725 -125.053
M 13.199 3.599 3 10.3952 -125.053
C -144 -147
M 0 0 0 4.6514 -123.417
M 13.199 0 3 10.2285 -123.417
M 0 3.599 3 5.20725 -123.417
M 13.199 3.599 3 10.4694 -123.417
C -145 -150
M 0 0 0 4.7811 -123.519
M 13.199 0 3 10.247 -123.519
M 0 3.599 3 5.20725 -123.519
M 13.199 3.599 3 10.3952 -123.519
C -151 -155
M 0 0 0 4.72551 -124.616
M 13.199 0 3 10.2655 -124.616
M 0 3.599 3 5.11461 -124.616
M 13.199 3.599 3 10.4323 -124.616
C -152 -155
M 0 0 0 4.67919 -124.302
M 13.199 0 3 10.3026 -124.302
M 0 3.599 3 5.11461 -124.302
M 13.199 3.599 3 10.3582 -124.302
C -144 -147
M 0 0 0 4.72551 -124.098
M 13.199 0 3 10.3026 -124.098
M 0 3.599 3 5.11461 -124.098
M 13.199 3.599 3 10.3952 -124.098
C -137 -140
M 0 0 0 4.79036 -124.315
M 13.199 0 3 10.3026 -124.315
M 0 3.599 3 5.07755 -124.315
M 13.199 3.599 3 10.3582 -124.315
C -142 -144
M 0 0 0 4.74404 -125.229
M 13.199 0 3 10.3397 -125.229
M 0 3.599 3 5.05902 -125.229
M 13.199 3.599 3 10.3582 -125.229
C -150 -153
M 0 0 0 4.81815 -125.04
M 13.199 0 3 10.3397 -125.04
M 0 3.599 3 5.04049 -125.04
M 13.199 3.599 3 10.4323 -125.04
C -147 -143
M 0 0 0 4.79036 -124.471
M 13.199 0 3 10.3211 -124.471
M 0 3.599 3 4.96638 -124.471
M 13.199 3.599 3 10.3952 -124.471
C -144 -124
C -147 -106
M 0 0 0 4.83668 -124.807
M 13.199 0 3 10.3397 -124.807
M 0 3.599 3 4.96638 -124.807
C -163 -102
M 0 0 0 4.85521 -123.041
M 13.199 0 3 10.3767 -123.041
M 0 3.599 3 4.92932 -123.041
M 13.199 3.599 3 10.3952 -123.041
C -177 -107
C -171 -100
M 0 0 0 4.87374 -115.51
M 13.199 0 3 10.3767 -115.51
M 0 3.599 3 4.89227 -115.51
M 13.199 3.599 3 10.4323 -115.51
C -162 -91
M 0 0 0 4.86447 -110.906
M 13.199 0 3 10.3026 -110.906
M 0 3.599 3 4.91079 -110.906
M 13.199 3.599 3 10.3582 -110.906
C -151 -89
M 0 0 0 4.92932 -105.605
M 13.199 0 3 10.3026 -105.605
M 0 3.599 3 4.94785 -105.605
M 13.199 3.599 3 10.3582 -105.605
C -153 -112
M 0 0 0 4.92932 -100.778
M 13.199 0 3 10.3026 -100.778
M 0 3.599 3 4.89227 -100.778
M 13.199 3.599 3 10.2841 -100.778
C -147 -124
M 0 0 0 4.95712 -96.7262
M 13.199 0 3 10.247 -96.7262
M 0 3.599 3 4.91079 -96.7262
M 13.199 3.599 3 10.1729 -96.7262
C -129 -113
M 0 0 0 4.97564 -93.2864
M 13.199 0 3 10.2285 -93.2864
M 0 3.599 3 4.92932 -93.2864
M 13.199 3.599 3 10.247 -93.2864
C -101 -93
M 0 0 0 4.99417 -92.6203
M 13.199 0 3 10.2285 -92.6203
M 0 3.599 3 4.89227 -92.6203
M 13.199 3.599 3 10.21 -92.6203
C -113 -118
C -125 -148
M 0 0 0 5.02197 -89.845
M 13.199 0 3 10.1729 -89.845
M 0 3.599 3 4.85521 -89.845
M 13.199 3.599 3 10.247 -89.845
C -115 -139
M 0 0 0 5.05902 -88.4829
M 13.199 0 3 10.2285 -88.4829
M 0 3.599 3 4.91079 -88.4829
M 13.199 3.599 3 10.1358 -88.4829
C -81 -97
M 0 0 0 5.08682 -92.5128
M 13.199 0 3 10.2655 -92.5128
M 0 3.599 3 4.83668 -92.5128
M 13.199 3.599 3 10.1729 -92.5128
C -122 -128
M 0 0 0 5.09608 -92.742
M 13.199 0 3 10.1914 -92.742
M 0 3.599 3 4.87374 -92.742
M 13.199 3.599 3 10.0988 -92.742
C -129 -138
M 0 0 0 5.12387 -92.1481
M 13.199 0 3 10.1914 -92.1481
M 0 3.599 3 4.91079 -92.1481
C -89 -127
M 13.199 0 3 10.2285 -89.4272
M 13.199 3.599 3 10.0617 -89.4272
C -67 -117
M 0 0 0 5.17019 -94.7296
M 13.199 0 3 10.2285 -94.7296
M 0 3.599 3 4.85521 -94.7296
M 13.199 3.599 3 10.0988 -94.7296
C -115 -146
C -111 -131
M 0 0 0 5.20725 -97.8503
M 13.199 0 3 10.2655 -97.8503
M 0 3.599 3 4.83668 -97.8503
M 13.199 3.599 3 10.1358 -97.8503
C -90 -111
M 0 0 0 5.16093 -99.2966
M 13.199 0 3 10.2841 -99.2966
M 0 3.599 3 4.83668 -99.2966
C -104 -131
C -128 -153
M 13.199 0 3 10.247 -101.764
M 0 3.599 3 4.85521 -101.764
M 13.199 3.599 3 10.0617 -101.764
C -125 -143
M 0 0 0 5.28137 -101.893
M 13.199 0 3 10.2655 -101.893
C -101 -121
M 0 0 0 5.2721 -103.515
M 13.199 0 3 10.3397 -103.515
M 0 3.599 3 4.79962 -103.515
M 13.199 3.599 3 10.1358 -103.515
C -110 -121
M 0 0 0 5.30916 -105.939
M 13.199 0 3 10.3767 -105.939
M 0 3.599 3 4.81815 -105.939
M 13.199 3.599 3 10.1358 -105.939
C -154 -157
M 0 0 0 5.32769 -105.073
M 13.199 0 3 10.3397 -105.073
M 0 3.599 3 4.76257 -105.073
M 13.199 3.599 3 10.1358 -105.073
C -153 -158
M 0 0 0 5.33695 -103.303
M 13.199 0 3 10.3397 -103.303
M 0 3.599 3 4.72551 -103.303
M 13.199 3.599 3 10.0617 -103.303
C -109 -120
M 0 0 0 5.32769 -106.912
M 13.199 0 3 10.3952 -106.912
M 0 3.599 3 4.7811 -106.912
M 13.199 3.599 3 10.0247 -106.912
C -141 -146
M 0 0 0 5.42033 -106.704
M 13.199 0 3 10.3211 -106.704
M 0 3.599 3 4.79962 -106.704
M 13.199 3.599 3 10.0617 -106.704
C -162 -166
M 0 0 0 5.42033 -105.599
M 13.199 0 3 10.3952 -105.599
M 0 3.599 3 4.72551 -105.599
M 13.199 3.599 3 10.1729 -105.599
C -124 -131
M 0 0 0 5.43886 -102.804
M 13.199 0 3 10.4138 -102.804
M 0 3.599 3 4.76257 -102.804
M 13.199 3.599 3 9.98761 -102.804
C -102 -109
C -154 -159
M 0 0 0 5.48518 -104.508
M 13.199 0 3 10.3952 -104.508
M 0 3.599 3 4.76257 -104.508
M 13.199 3.599 3 10.0617 -104.508
C -142 -151
C -99 -109
M 0 0 0 5.48518 -108.109
M 13.199 0 3 10.4323 -108.109
M 0 3.599 3 4.76257 -108.109
M 13.199 3.599 3 10.0988 -108.109
C -144 -148
M 0 0 0 5.47591 -109.113
M 13.199 0 3 10.4323 -109.113
M 0 3.599 3 4.72551 -109.113
M 13.199 3.599 3 9.98761 -109.113
C -157 -162
M 0 0 0 5.55929 -108.952
M 13.199 0 3 10.4323 -108.952
M 0 3.599 3 4.70698 -108.952
M 13.199 3.599 3 10.0247 -108.952
C -118 -128
M 0 0 0 5.54076 -108.777
M 13.199 0 3 10.3582 -108.777
M 0 3.599 3 4.66992 -108.777
M 13.199 3.599 3 10.0247 -108.777
C -119 -126
M 0 0 0 5.5315 -112.764
M 13.199 0 3 10.4694 -112.764
M 0 3.599 3 4.66992 -112.764
M 13.199 3.599 3 10.0617 -112.764
C -168 -161
M 0 0 0 5.56856 -112.25
M 13.199 0 3 10.4323 -112.25
M 0 3.599 3 4.72551 -112.25
M 13.199 3.599 3 10.0988 -112.25
C -162 -115
M 0 0 0 5.61488 -114.943
M 13.199 0 3 10.4879 -114.943
M 0 3.599 3 4.66992 -114.943
M 13.199 3.599 3 10.1358 -114.943
C -154 -62
M 0 0 0 5.62414 -117.924
M 13.199 0 3 10.5064 -117.924
M 0 3.599 3 4.66992 -117.924
M 13.199 3.599 3 10.0247 -117.924
C -195 -108
M 0 0 0 5.62414 -113.398
M 13.199 0 3 10.5249 -113.398
C -190 -92
M 13.199 3.599 3 10.0988 -108.943
C -174 -33
M 0 0 0 5.6612 -107.864
M 13.199 0 3 10.4508 -107.864
M 0 3.599 3 4.68845 -107.864
M 13.199 3.599 3 10.0617 -107.864
C -184 -51
M 0 0 0 5.64267 -100.892
M 13.199 0 3 10.4508 -100.892
M 0 3.599 3 4.66992 -100.892
M 13.199 3.599 3 10.0247 -100.892
C -178 -60
M 0 0 0 5.52224 -92.3105
M 13.199 0 3 10.3397 -92.3105
M 0 3.599 3 4.70698 -92.3105
M 13.199 3.599 3 9.98761 -92.3105
C -165 -34
M 13.199 0 3 10.3026 -88.0897
M 0 3.599 3 4.76257 -88.0897
M 13.199 3.599 3 10.0247 -88.0897
C -157 -25
C -140 -5
M 0 0 0 5.9206 -72.2168
M 0 3.599 3 4.7811 -72.2168
M 13.199 3.599 3 9.9135 -72.2168
C -132 6
M 0 0 0 5.87428 -64.3529
M 13.199 0 3 10.2655 -64.3529
M 0 3.599 3 4.81815 -64.3529
M 13.199 3.599 3 9.87644 -64.3529
C -117 10
M 0 0 0 5.83722 -56.1602
M 13.199 0 3 10.2841 -56.1602
M 0 3.599 3 4.92932 -56.1602
M 13.199 3.599 3 9.95055 -56.1602
C -97 20
M 0 0 0 5.80943 -48.4363
M 13.199 0 3 10.2655 -48.4363
M 0 3.599 3 4.98491 -48.4363
M 13.199 3.599 3 9.76527 -48.4363
C -84 20
M 0 0 0 5.82796 -42.993
M 13.199 0 3 10.247 -42.993
C -75 10
M 0 3.599 3 5.11461 -38.1874
M 13.199 3.599 3 9.80233 -38.1874
C -47 2
M 0 0 0 6.17073 -31.9901
M 13.199 0 3 10.3026 -31.9901
M 0 3.599 3 5.17019 -31.9901
M 13.199 3.599 3 9.76527 -31.9901
C -20 -17
M 0 0 0 6.08736 -29.6819
M 13.199 0 3 10.3026 -29.6819
M 0 3.599 3 4.98491 -29.6819
M 13.199 3.599 3 9.9135 -29.6819
C -28 -31
M 0 0 0 6.10588 -27.1798
M 13.199 0 3 10.3582 -27.1798
M 0 3.599 3 5.07755 -27.1798
M 13.199 3.599 3 9.9135 -27.1798
C -5 -26
M 0 0 0 6.06883 -25.8805
M 13.199 0 3 10.3211 -25.8805
M 0 3.599 3 5.05902 -25.8805
M 13.199 3.599 3 9.83938 -25.8805
C -5 -46
M 0 0 0 6.09662 -26.0518
M 13.199 0 3 10.3211 -26.0518
M 0 3.599 3 5.07755 -26.0518
M 13.199 3.599 3 9.87644 -26.0518
C -15 -62
M 0 0 0 6.13368 -26.3865
M 13.199 0 3 10.2655 -26.3865
M 0 3.599 3 5.17019 -26.3865
M 13.199 3.599 3 9.80233 -26.3865
C -10 -62
M 0 0 0 5.99471 -28.1671
M 13.199 0 3 10.2655 -28.1671
M 0 3.599 3 5.15167 -28.1671
M 13.199 3.599 3 9.76527 -28.1671
C -23 -52
M 0 0 0 5.82796 -31.5762
M 13.199 0 3 10.2285 -31.5762
M 0 3.599 3 5.15167 -31.5762
M 13.199 3.599 3 9.80233 -31.5762
C -39 -40
C -44 -43
M 0 0 0 5.83722 -33.5457
C -54 -52
M 0 3.599 3 5.17019 -32.9701
M 13.199 3.599 3 9.80233 -32.9701
C -65 -62
M 0 0 0 5.91133 -32.9886
M 0 3.599 3 5.13314 -32.9886
M 13.199 3.599 3 9.76527 -32.9886
C -65 -62
M 0 0 0 5.87428 -33.1036
M 13.199 0 3 10.21 -33.1036
M 0 3.599 3 5.18872 -33.1036
M 13.199 3.599 3 9.76527 -33.1036
C -77 -75
M 0 0 0 5.86501 -32.7751
M 13.199 0 3 10.1914 -32.7751
M 0 3.599 3 5.17019 -32.7751
M 13.199 3.599 3 9.69115 -32.7751
C -96 -93
M 0 0 0 5.89281 -31.9464
M 13.199 0 3 10.1544 -31.9464
M 0 3.599 3 5.15167 -31.9464
M 13.199 3.599 3 9.69115 -31.9464
C -102 -103
M 0 0 0 5.99471 -31.0703
M 13.199 0 3 10.1173 -31.0703
C -104 -104
M 0 0 0 6.07809 -30.9289
M 13.199 0 3 10.0803 -30.9289
M 0 3.599 3 5.17019 -30.9289
M 13.199 3.599 3 9.61704 -30.9289
C -118 -118
M 0 0 0 6.06883 -31.1561
M 13.199 0 3 9.95055 -31.1561
M 0 3.599 3 5.20725 -31.1561
M 13.199 3.599 3 9.57998 -31.1561
C -128 -128
M 0 0 0 6.10588 -31.8109
M 13.199 0 3 9.98761 -31.8109
M 0 3.599 3 5.24431 -31.8109
M 13.199 3.599 3 9.54293 -31.8109
C -132 -133
M 0 0 0 6.08736 -31.6313
M 13.199 0 3 10.0247 -31.6313
M 0 3.599 3 5.26284 -31.6313
M 13.199 3.599 3 9.43176 -31.6313
C -137 -137
M 0 0 0 6.08736 -31.5419
M 13.199 0 3 9.98761 -31.5419
C -142 -143
M 13.199 3.599 3 9.43176 -31.4847
C -147 -148
M 0 0 0 6.16147 -32.0213
M 13.199 0 3 9.93202 -32.0213
M 0 3.599 3 5.29989 -32.0213
M 13.199 3.599 3 9.35764 -32.0213
C -150 -151
M 0 0 0 6.20779 -32.916
M 13.199 0 3 9.9135 -32.916
M 0 3.599 3 5.31842 -32.916
M 13.199 3.599 3 9.32058 -32.916
C -147 -148
M 0 0 0 6.23558 -33.1268
M 13.199 0 3 9.83938 -33.1268
M 0 3.599 3 5.33695 -33.1268
M 13.199 3.599 3 9.24647 -33.1268
C -146 -147
C -146 -148
M 0 0 0 6.24485 -33.4724
M 13.199 0 3 9.74674 -33.4724
M 0 3.599 3 5.42959 -33.4724
M 13.199 3.599 3 9.32058 -33.4724
C -151 -153
M 0 0 0 6.28191 -34.5027
M 13.199 0 3 9.70968 -34.5027
M 0 3.599 3 5.44812 -34.5027
M 13.199 3.599 3 9.17236 -34.5027
C -153 -156
M 0 0 0 6.31896 -34.7624
M 13.199 0 3 9.6541 -34.7624
M 0 3.599 3 5.39254 -34.7624
M 13.199 3.599 3 9.24647 -34.7624
C -151 -154
M 0 0 0 6.30043 -35.6597
M 13.199 0 3 9.6541 -35.6597
M 0 3.599 3 5.48518 -35.6597
M 13.199 3.599 3 9.32058 -35.6597
C -148 -150
M 0 0 0 6.38381 -36.463
M 13.199 0 3 9.63557 -36.463
C -148 -152
C -150 -153
M 0 0 0 6.37455 -37.49
M 13.199 0 3 9.56145 -37.49
M 0 3.599 3 5.57782 -37.49
M 13.199 3.599 3 9.09824 -37.49
C -156 -159
M 0 0 0 6.41161 -37.276
M 13.199 0 3 9.50587 -37.276
M 0 3.599 3 5.59635 -37.276
M 13.199 3.599 3 9.09824 -37.276
C -157 -161
M 0 0 0 6.39308 -36.9763
M 13.199 0 3 9.48734 -36.9763
M 0 3.599 3 5.63341 -36.9763
M 13.199 3.599 3 9.02413 -36.9763
C -157 -161
M 0 0 0 6.45793 -36.5
M 13.199 0 3 9.37617 -36.5
M 0 3.599 3 5.67046 -36.5
M 13.199 3.599 3 8.95001 -36.5
C -151 -158
M 0 0 0 6.54131 -36.3739
M 13.199 0 3 9.28353 -36.3739
M 0 3.599 3 5.72605 -36.3739
M 13.199 3.599 3 8.91296 -36.3739
C -150 -158
M 0 0 0 6.54131 -36.5222
M 13.199 0 3 9.32058 -36.5222
M 0 3.599 3 5.76311 -36.5222
M 13.199 3.599 3 8.83884 -36.5222
C -146 -150
C -136 -140
C -137 -140
C -141 -143
C -142 -146
C -143 -145
C -141 -144
M 0 0 0 6.8007 -34.3304
M 13.199 0 3 9.02413 -34.3304
M 0 3.599 3 6.00398 -34.3304
M 13.199 3.599 3 8.69061 -34.3304
C -143 -146
M 0 0 0 6.79144 -33.7609
M 13.199 0 3 8.93148 -33.7609
M 0 3.599 3 6.00398 -33.7609
M 13.199 3.599 3 8.57944 -33.7609
C -147 -149
M 0 0 0 6.85629 -33.8818
M 13.199 0 3 8.95001 -33.8818
C -148 -150
M 13.199 3.599 3 8.46827 -33.5913
C -148 -150
C -149 -152
M 0 0 0 6.91188 -32.9531
M 13.199 0 3 8.91296 -32.9531
M 0 3.599 3 6.09662 -32.9531
M 13.199 3.599 3 8.43121 -32.9531
C -153 -156
M 0 0 0 6.91188 -32.6146
M 13.199 0 3 8.82031 -32.6146
M 0 3.599 3 6.11515 -32.6146
M 13.199 3.599 3 8.46827 -32.6146
C -154 -156
M 0 0 0 6.94893 -33.1381
M 13.199 0 3 8.89443 -33.1381
M 0 3.599 3 6.18926 -33.1381
M 13.199 3.599 3 8.54239 -33.1381
C -154 -158
M 0 0 0 6.96746 -33.3229
M 13.199 0 3 8.83884 -33.3229
M 0 3.599 3 6.20779 -33.3229
M 13.199 3.599 3 8.32004 -33.3229
C -158 -163
M 0 0 0 7.07863 -32.9228
M 13.199 0 3 8.80178 -32.9228
M 0 3.599 3 6.28191 -32.9228
M 13.199 3.599 3 8.20887 -32.9228
C -159 -162
M 0 0 0 7.10642 -32.2576
M 13.199 0 3 8.72767 -32.2576
M 0 3.599 3 6.30043 -32.2576
M 13.199 3.599 3 8.24593 -32.2576
C -153 -158
M 0 0 0 7.14348 -32.134
M 13.199 0 3 8.67208 -32.134
M 0 3.599 3 6.31896 -32.134
M 13.199 3.599 3 8.17181 -32.134
C -151 -154
M 0 0 0 7.14348 -31.8773
M 13.199 0 3 8.65356 -31.8773
M 0 3.599 3 6.39308 -31.8773
M 13.199 3.599 3 8.0977 -31.8773
C -152 -157
C -152 -157
M 0 0 0 7.20833 -31.861
M 13.199 0 3 8.56091 -31.861
M 0 3.599 3 6.43013 -31.861
M 13.199 3.599 3 8.13476 -31.861
C -154 -158
M 0 0 0 7.24539 -31.2862
M 13.199 0 3 8.56091 -31.2862
M 0 3.599 3 6.44866 -31.2862
M 13.199 3.599 3 8.02359 -31.2862
C -154 -159
M 0 0 0 7.27318 -30.5075
M 13.199 0 3 8.46827 -30.5075
M 0 3.599 3 6.50425 -30.5075
M 13.199 3.599 3 7.98653 -30.5075
C -156 -159
M 0 0 0 7.28245 -30.4934
M 13.199 0 3 8.4868 -30.4934
M 0 3.599 3 6.54131 -30.4934
M 13.199 3.599 3 7.94947 -30.4934
C -158 -162
M 0 0 0 7.32877 -30.2507
M 13.199 0 3 8.37563 -30.2507
M 0 3.599 3 6.61542 -30.2507
M 13.199 3.599 3 7.94947 -30.2507
C -161 -166
C -159 -164
M 0 0 0 7.43994 -29.9322
M 13.199 0 3 8.43121 -29.9322
M 0 3.599 3 6.61542 -29.9322
M 13.199 3.599 3 7.91242 -29.9322
C -162 -165
M 0 0 0 7.40288 -29.8223
M 13.199 0 3 8.3571 -29.8223
M 0 3.599 3 6.68953 -29.8223
M 13.199 3.599 3 7.80124 -29.8223
C -162 -166
M 0 0 0 7.4492 -30.3724
M 13.199 0 3 8.30151 -30.3724
M 0 3.599 3 6.74512 -30.3724
M 13.199 3.599 3 7.76419 -30.3724
C -166 -170
M 0 0 0 7.48626 -30.1486
M 13.199 0 3 8.28299 -30.1486
M 0 3.599 3 6.81923 -30.1486
M 13.199 3.599 3 7.72713 -30.1486
C -170 -173
C -160 -164
M 0 0 0 7.56037 -31.3304
M 13.199 0 3 8.19034 -31.3304
M 0 3.599 3 6.8007 -31.3304
M 13.199 3.599 3 7.69007 -31.3304
C -156 -161
M 0 0 0 7.58817 -31.5098
M 13.199 0 3 8.0977 -31.5098
M 0 3.599 3 6.83776 -31.5098
M 13.199 3.599 3 7.65302 -31.5098
C -158 -163
M 0 0 0 7.67155 -31.3971
M 13.199 0 3 8.13476 -31.3971
M 13.199 3.599 3 7.65302 -31.3971
C -161 -165
M 0 0 0 7.68081 -31.4042
M 13.199 0 3 8.0977 -31.4042
M 0 3.599 3 6.98599 -31.4042
M 13.199 3.599 3 7.54185 -31.4042
C -162 -167
M 0 0 0 7.68081 -31.072
M 13.199 0 3 8.06064 -31.072
M 0 3.599 3 7.04157 -31.072
M 13.199 3.599 3 7.50479 -31.072
C -160 -165
M 0 0 0 7.74566 -30.8227
M 13.199 0 3 8.07917 -30.8227
M 0 3.599 3 7.04157 -30.8227
M 13.199 3.599 3 7.46773 -30.8227
C -159 -163
M 0 0 0 7.77345 -30.7513
M 13.199 0 3 7.94947 -30.7513
M 0 3.599 3 7.13422 -30.7513
M 13.199 3.599 3 7.39362 -30.7513
C -162 -166
M 0 0 0 7.81051 -29.6387
M 13.199 0 3 7.93094 -29.6387
M 0 3.599 3 7.17127 -29.6387
M 13.199 3.599 3 7.35656 -29.6387
C -167 -172
M 0 0 0 7.88462 -28.5247
M 13.199 0 3 7.87536 -28.5247
M 0 3.599 3 7.22686 -28.5247
M 13.199 3.599 3 7.35656 -28.5247
C -165 -170
C -158 -162
C -157 -162
M 0 0 0 7.94021 -26.7617
M 13.199 0 3 7.78272 -26.7617
M 0 3.599 3 7.24539 -26.7617
M 13.199 3.599 3 7.28245 -26.7617
C -167 -172
M 0 0 0 7.99579 -27.2157
M 13.199 0 3 7.74566 -27.2157
M 0 3.599 3 7.3195 -27.2157
M 13.199 3.599 3 7.24539 -27.2157
C -172 -178
M 0 0 0 8.06064 -27.0761
M 13.199 0 3 7.74566 -27.0761
M 0 3.599 3 7.39362 -27.0761
M 13.199 3.599 3 7.17127 -27.0761
C -166 -170
M 0 0 0 8.07917 -28.2231
M 13.199 0 3 7.74566 -28.2231
M 0 3.599 3 7.41215 -28.2231
M 13.199 3.599 3 7.13422 -28.2231
C -157 -162
M 0 0 0 8.17181 -28.5507
M 13.199 0 3 7.63449 -28.5507
M 0 3.599 3 7.48626 -28.5507
M 13.199 3.599 3 7.09716 -28.5507
C -159 -162
M 0 0 0 8.20887 -29.288
M 13.199 0 3 7.65302 -29.288
M 0 3.599 3 7.48626 -29.288
M 13.199 3.599 3 7.02305 -29.288
C -166 -171
M 0 0 0 8.25519 -30.1529
M 13.199 0 3 7.5789 -30.1529
M 0 3.599 3 7.59743 -30.1529
M 13.199 3.599 3 6.98599 -30.1529
C -164 -167
M 0 0 0 8.30151 -30.9069
M 13.199 0 3 7.5789 -30.9069
M 0 3.599 3 7.61596 -30.9069
M 13.199 3.599 3 6.98599 -30.9069
C -160 -164
M 0 0 0 8.37563 -31.3921
M 13.199 0 3 7.48626 -31.3921
M 0 3.599 3 7.67155 -31.3921
M 13.199 3.599 3 6.91188 -31.3921
C -158 -163
M 0 0 0 8.40342 -32.0019
M 13.199 0 3 7.43067 -32.0019
M 0 3.599 3 7.74566 -32.0019
M 13.199 3.599 3 6.83776 -32.0019
C -168 -162
M 0 0 0 8.44974 -33.1077
C -174 -152
M 13.199 0 3 7.37509 -33.1838
M 0 3.599 3 7.80124 -33.1838
M 13.199 3.599 3 6.8007 -33.1838
C -179 -147
M 0 0 0 8.46827 -32.5265
M 13.199 0 3 7.39362 -32.5265
M 0 3.599 3 7.80124 -32.5265
M 13.199 3.599 3 6.76365 -32.5265
C -183 -146
M 0 0 0 8.53312 -31.9158
M 13.199 0 3 7.33803 -31.9158
M 0 3.599 3 7.81977 -31.9158
M 13.199 3.599 3 6.72659 -31.9158
C -186 -145
C -172 -143
M 0 0 0 8.53312 -29.5451
M 13.199 0 3 7.30097 -29.5451
M 0 3.599 3 7.85683 -29.5451
M 13.199 3.599 3 6.68953 -29.5451
C -164 -152
M 0 0 0 8.54239 -28.4217
M 13.199 0 3 7.28245 -28.4217
M 0 3.599 3 7.91242 -28.4217
M 13.199 3.599 3 6.61542 -28.4217
C -161 -157
M 0 0 0 8.6165 -27.8534
M 13.199 0 3 7.20833 -27.8534
M 0 3.599 3 7.968 -27.8534
M 13.199 3.599 3 6.57836 -27.8534
C -155 -155
M 0 0 0 8.62576 -27.8147
M 13.199 0 3 7.17127 -27.8147
M 0 3.599 3 8.02359 -27.8147
M 13.199 3.599 3 6.46719 -27.8147
C -142 -144
M 0 0 0 8.67208 -27.9925
M 13.199 0 3 7.1898 -27.9925
M 0 3.599 3 8.07917 -27.9925
M 13.199 3.599 3 6.43013 -27.9925
C -138 -142
M 0 0 0 8.69061 -28.6446
M 13.199 0 3 7.13422 -28.6446
M 0 3.599 3 8.13476 -28.6446
M 13.199 3.599 3 6.43013 -28.6446
C -146 -149
M 0 0 0 8.78326 -29.3956
C -144 -149
M 0 3.599 3 8.17181 -29.731
M 13.199 3.599 3 6.35602 -29.731
C -140 -143
M 0 0 0 8.82031 -30.2392
M 13.199 0 3 7.0601 -30.2392
M 0 3.599 3 8.20887 -30.2392
M 13.199 3.599 3 6.43013 -30.2392
C -138 -143
M 0 0 0 8.82958 -30.9358
M 13.199 0 3 6.96746 -30.9358
M 0 3.599 3 8.2274 -30.9358
M 13.199 3.599 3 6.31896 -30.9358
C -145 -147
M 0 0 0 8.8759 -30.9589
M 13.199 0 3 6.98599 -30.9589
M 0 3.599 3 8.28299 -30.9589
M 13.199 3.599 3 6.31896 -30.9589
C -150 -153
M 0 0 0 8.92222 -31.2942
M 13.199 0 3 6.89335 -31.2942
M 0 3.599 3 8.28299 -31.2942
M 13.199 3.599 3 6.28191 -31.2942
C -149 -152
M 0 0 0 8.96854 -31.716
M 13.199 0 3 6.91188 -31.716
M 0 3.599 3 8.3571 -31.716
M 13.199 3.599 3 6.20779 -31.716
C -148 -150
M 0 0 0 9.01486 -31.6703
M 13.199 0 3 6.81923 -31.6703
M 0 3.599 3 8.3571 -31.6703
M 13.199 3.599 3 6.17073 -31.6703
C -148 -152
M 0 0 0 9.09824 -31.9607
M 13.199 0 3 6.83776 -31.9607
M 0 3.599 3 8.4868 -31.9607
M 13.199 3.599 3 6.13368 -31.9607
C -150 -153
C -148 -151
M 0 0 0 9.07045 -31.7184
M 13.199 0 3 6.76365 -31.7184
M 0 3.599 3 8.56091 -31.7184
M 13.199 3.599 3 6.17073 -31.7184
C -150 -154
M 0 0 0 9.16309 -32.0003
C -150 -153
M 13.199 0 3 6.74512 -31.8359
M 0 3.599 3 8.50533 -31.8359
M 13.199 3.599 3 6.13368 -31.8359
C -146 -149
M 0 0 0 9.20015 -31.4942
M 13.199 0 3 6.68953 -31.4942
M 0 3.599 3 8.56091 -31.4942
M 13.199 3.599 3 6.09662 -31.4942
C -144 -148
M 0 0 0 9.20015 -31.2496
M 13.199 0 3 6.61542 -31.2496
M 0 3.599 3 8.6165 -31.2496
M 13.199 3.599 3 6.02251 -31.2496
C -149 -152
M 0 0 0 9.20941 -30.6823
M 13.199 0 3 6.61542 -30.6823
M 0 3.599 3 8.69061 -30.6823
M 13.199 3.599 3 5.98545 -30.6823
C -151 -154
M 0 0 0 9.28353 -31.2126
M 13.199 0 3 6.59689 -31.2126
M 0 3.599 3 8.72767 -31.2126
M 13.199 3.599 3 5.98545 -31.2126
C -151 -153
M 0 0 0 9.31132 -31.9878
M 13.199 0 3 6.59689 -31.9878
M 0 3.599 3 8.76473 -31.9878
M 13.199 3.599 3 5.91133 -31.9878
C -150 -153
M 0 0 0 9.38543 -31.8457
M 13.199 0 3 6.59689 -31.8457
M 0 3.599 3 8.80178 -31.8457
M 13.199 3.599 3 5.87428 -31.8457
C -149 -151
M 0 0 0 9.45028 -31.9796
M 13.199 0 3 6.52278 -31.9796
M 0 3.599 3 8.83884 -31.9796
M 13.199 3.599 3 5.91133 -31.9796
C -151 -154
M 0 0 0 9.46881 -32.7364
M 13.199 0 3 6.46719 -32.7364
M 0 3.599 3 8.8759 -32.7364
M 13.199 3.599 3 5.80016 -32.7364
C -157 -159
M 0 0 0 9.5244 -33.4791
M 13.199 0 3 6.44866 -33.4791
M 0 3.599 3 8.93148 -33.4791
M 13.199 3.599 3 5.80016 -33.4791
C -166 -158
M 0 0 0 9.57998 -34.6796
C -168 -141
M 0 3.599 3 8.96854 -35.0374
M 13.199 3.599 3 5.76311 -35.0374
C -170 -126
M 0 0 0 9.60778 -34.8755
M 13.199 0 3 6.30043 -34.8755
M 0 3.599 3 8.98707 -34.8755
M 13.199 3.599 3 5.65194 -34.8755
C -186 -116
C -200 -110
M 0 0 0 9.68189 -32.5127
M 13.199 0 3 6.26338 -32.5127
M 0 3.599 3 9.07971 -32.5127
M 13.199 3.599 3 5.68899 -32.5127
C -208 -97
M 0 0 0 9.63557 -29.7258
M 13.199 0 3 6.30043 -29.7258
M 0 3.599 3 9.09824 -29.7258
M 13.199 3.599 3 5.68899 -29.7258
C -205 -56
M 0 0 0 9.6263 -26.4343
M 13.199 0 3 6.30043 -26.4343
M 0 3.599 3 9.20941 -26.4343
M 13.199 3.599 3 5.65194 -26.4343
C -224 -50
M 0 0 0 9.67263 -21.3732
M 13.199 3.599 3 5.65194 -21.3732
C -225 -41
M 0 0 0 9.77453 -15.5649
M 13.199 0 3 6.13368 -15.5649
M 0 3.599 3 9.19088 -15.5649
M 13.199 3.599 3 5.35548 -15.5649
C -210 -1
M 0 0 0 9.74674 -7.2965
M 13.199 0 3 6.22632 -7.2965
M 0 3.599 3 9.24647 -7.2965
M 13.199 3.599 3 5.50371 -7.2965
C -204 6
M 0 0 0 9.70042 0.144916
M 13.199 0 3 6.17073 0.144916
M 0 3.599 3 9.45028 0.144916
M 13.199 3.599 3 5.31842 0.144916
C -190 -5
C -162 -4
M 13.199 0 3 6.07809 24.6909
M 0 3.599 3 9.24647 24.6909
M 13.199 3.599 3 5.50371 24.6909
C -94 4
M 0 0 0 9.6263 39.7085
M 13.199 0 3 6.09662 39.7085
M 0 3.599 3 9.20941 39.7085
M 13.199 3.599 3 5.46665 39.7085
C -88 -34
M 0 0 0 9.60778 51.7467
M 13.199 0 3 6.11515 51.7467
M 0 3.599 3 9.17236 51.7467
M 13.199 3.599 3 5.57782 51.7467
C -96 -52
M 0 0 0 9.58925 56.4892
M 13.199 0 3 6.11515 56.4892
M 0 3.599 3 9.17236 56.4892
M 13.199 3.599 3 5.57782 56.4892
C -82 -19
M 0 0 0 9.61704 61.585
M 13.199 0 3 6.09662 61.585
M 0 3.599 3 9.17236 61.585
M 13.199 3.599 3 5.57782 61.585
C -68 -35
M 0 0 0 9.57072 70.4491
M 13.199 0 3 6.05956 70.4491
M 0 3.599 3 9.11677 70.4491
M 13.199 3.599 3 5.57782 70.4491
C -66 -66
C -61 -61
M 0 0 0 9.56145 72.4686
M 13.199 0 3 6.09662 72.4686
M 0 3.599 3 9.1353 72.4686
M 13.199 3.599 3 5.57782 72.4686
C -59 -60
M 0 0 0 9.54293 73.7647
M 13.199 0 3 6.07809 73.7647
M 0 3.599 3 9.11677 73.7647
M 13.199 3.599 3 5.57782 73.7647
C -69 -68
M 0 0 0 9.54293 74.6466
M 13.199 0 3 6.11515 74.6466
M 0 3.599 3 9.07971 74.6466
M 13.199 3.599 3 5.61488 74.6466
C -87 -76
C -98 -64
M 0 0 0 9.53366 75.1075
M 13.199 0 3 6.13368 75.1075
M 0 3.599 3 9.04266 75.1075
M 13.199 3.599 3 5.61488 75.1075
C -108 -60
M 0 0 0 9.48734 77.2379
M 13.199 0 3 6.15221 77.2379
M 13.199 3.599 3 5.65194 77.2379
C -131 -63
M 0 0 0 9.42249 82.8041
M 13.199 0 3 6.15221 82.8041
M 0 3.599 3 9.06118 82.8041
M 13.199 3.599 3 5.68899 82.8041
C -155 -60
M 0 0 0 9.37617 90.3321
M 13.199 0 3 6.11515 90.3321
M 0 3.599 3 9.07971 90.3321
M 13.199 3.599 3 5.76311 90.3321
C -160 -53
M 0 0 0 9.28353 103.945
M 13.199 0 3 6.11515 103.945
M 0 3.599 3 9.06118 103.945
M 13.199 3.599 3 5.68899 103.945
C -160 -60
M 0 0 0 9.80233 114.43
M 13.199 0 3 6.20779 114.43
M 0 3.599 3 8.98707 114.43
M 13.199 3.599 3 5.80016 114.43
C -151 -86
M 0 0 0 9.6263 125.816
M 13.199 0 3 6.26338 125.816
M 0 3.599 3 8.91296 125.816
M 13.199 3.599 3 5.80016 125.816
C -137 -99
M 0 0 0 9.50587 134.501
M 13.199 0 3 6.22632 134.501
M 0 3.599 3 8.96854 134.501
M 13.199 3.599 3 5.87428 134.501
C -128 -107
M 0 0 0 9.53366 138.077
M 13.199 0 3 6.26338 138.077
M 0 3.599 3 8.8759 138.077
M 13.199 3.599 3 5.83722 138.077
C -129 -120
M 0 0 0 9.41323 142.453
M 13.199 0 3 6.22632 142.453
M 0 3.599 3 8.85737 142.453
M 13.199 3.599 3 5.91133 142.453
C -132 -129
C -126 -126
C -123 -125
M 0 0 0 9.41323 145.283
M 13.199 0 3 6.28191 145.283
M 0 3.599 3 8.85737 145.283
M 13.199 3.599 3 5.91133 145.283
C -134 -133
M 0 0 0 9.40396 146.271
M 13.199 0 3 6.30043 146.271
M 0 3.599 3 8.78326 146.271
M 13.199 3.599 3 5.98545 146.271
C -140 -141
M 0 0 0 9.44102 145.769
M 13.199 0 3 6.31896 145.769
M 0 3.599 3 8.80178 145.769
M 13.199 3.599 3 5.98545 145.769
C -133 -144
C -121 -153
M 0 0 0 9.07045 146.369
M 13.199 0 3 6.46719 146.369
M 0 3.599 3 8.72767 146.369
M 13.199 3.599 3 6.02251 146.369
C -124 -169
M 0 0 0 9.15383 144.108
M 13.199 0 3 6.44866 144.108
M 13.199 3.599 3 6.05956 144.108
C -130 -174
M 0 0 0 8.8759 139.655
M 13.199 0 3 6.48572 139.655
M 0 3.599 3 8.63503 139.655
M 13.199 3.599 3 6.13368 139.655
C -134 -168
M 0 0 0 8.77399 134.029
M 13.199 0 3 6.44866 134.029
M 0 3.599 3 8.59797 134.029
M 13.199 3.599 3 6.20779 134.029
C -144 -165
M 0 0 0 9.10751 132.202
M 13.199 0 3 6.54131 132.202
M 0 3.599 3 8.56091 132.202
C -158 -168
C -164 -170
M 0 0 0 8.80178 126.092
M 13.199 0 3 6.55983 126.092
M 0 3.599 3 8.4868 126.092
M 13.199 3.599 3 6.28191 126.092
C -168 -171
M 13.199 0 3 6.50425 125.387
M 0 3.599 3 8.43121 125.387
M 13.199 3.599 3 6.35602 125.387
C -170 -172
M 0 0 0 8.78326 125.29
M 13.199 0 3 6.55983 125.29
M 0 3.599 3 8.39416 125.29
M 13.199 3.599 3 6.43013 125.29
C -176 -174
M 0 0 0 8.80178 125.328
M 13.199 0 3 6.63395 125.328
M 0 3.599 3 8.33857 125.328
M 13.199 3.599 3 6.43013 125.328
C -187 -168
C -183 -157
M 0 0 0 8.69988 126.573
M 13.199 0 3 6.59689 126.573
M 0 3.599 3 8.37563 126.573
M 13.199 3.599 3 6.46719 126.573
C -180 -152
M 0 0 0 8.69061 128.729
M 13.199 0 3 6.70806 128.729
M 0 3.599 3 8.30151 128.729
M 13.199 3.599 3 6.50425 128.729
C -186 -154
M 0 0 0 8.6165 130.102
M 13.199 0 3 6.74512 130.102
M 0 3.599 3 8.32004 130.102
M 13.199 3.599 3 6.54131 130.102
C -195 -159
M 0 0 0 8.54239 132.343
M 13.199 0 3 6.78218 132.343
M 0 3.599 3 8.24593 132.343
M 13.199 3.599 3 6.54131 132.343
C -187 -157
C -163 -141
M 0 0 0 8.46827 138.789
M 13.199 0 3 6.78218 138.789
M 0 3.599 3 8.13476 138.789
M 13.199 3.599 3 6.65248 138.789
C -156 -146
M 0 0 0 8.45901 141.095
M 13.199 0 3 6.76365 141.095
M 0 3.599 3 8.11623 141.095
M 13.199 3.599 3 6.68953 141.095
C -171 -167
M 0 0 0 8.32931 142.931
M 13.199 0 3 6.68953 142.931
M 0 3.599 3 8.11623 142.931
M 13.199 3.599 3 6.76365 142.931
C -170 -180
M 0 0 0 8.33857 142.986
M 13.199 0 3 6.74512 142.986
M 0 3.599 3 8.07917 142.986
M 13.199 3.599 3 6.83776 142.986
C -152 -172
M 0 0 0 8.31078 142.84
M 13.199 0 3 6.85629 142.84
M 0 3.599 3 8.02359 142.84
M 13.199 3.599 3 6.87482 142.84
C -126 -158
M 0 0 0 8.2274 142.463
M 13.199 0 3 6.9304 142.463
M 0 3.599 3 7.93094 142.463
M 13.199 3.599 3 6.8007 142.463
C -142 -167
M 0 0 0 8.19034 140.712
M 13.199 0 3 6.96746 140.712
M 0 3.599 3 7.93094 140.712
M 13.199 3.599 3 6.91188 140.712
C -174 -184
M 0 0 0 8.14402 137.711
M 13.199 0 3 7.04157 137.711
M 0 3.599 3 7.93094 137.711
M 13.199 3.599 3 7.02305 137.711
C -171 -180
M 0 0 0 8.06064 137.099
M 13.199 0 3 7.09716 137.099
M 0 3.599 3 7.85683 137.099
M 13.199 3.599 3 6.98599 137.099
C -153 -161
C -123 -136
M 0 0 0 8.03285 137.251
C -153 -170
M 0 3.599 3 7.78272 136.798
M 13.199 3.599 3 7.02305 136.798
C -180 -189
M 0 0 0 8.03285 135.484
M 13.199 0 3 7.09716 135.484
M 0 3.599 3 7.81977 135.484
M 13.199 3.599 3 7.09716 135.484
C -166 -176
M 0 0 0 7.97727 134.426
M 13.199 0 3 7.1898 134.426
M 0 3.599 3 7.76419 134.426
M 13.199 3.599 3 7.09716 134.426
C -109 -124
M 0 0 0 7.90315 136.391
M 13.199 0 3 7.20833 136.391
M 0 3.599 3 7.72713 136.391
M 13.199 3.599 3 7.17127 136.391
C -168 -179
M 0 0 0 7.87536 135.167
M 13.199 0 3 7.28245 135.167
M 0 3.599 3 7.72713 135.167
M 13.199 3.599 3 7.24539 135.167
C -191 -197
M 0 0 0 7.79198 132.97
M 13.199 0 3 7.3195 132.97
M 0 3.599 3 7.65302 132.97
M 13.199 3.599 3 7.35656 132.97
C -144 -156
M 0 0 0 7.77345 131.668
M 13.199 0 3 7.30097 131.668
M 0 3.599 3 7.63449 131.668
M 13.199 3.599 3 7.35656 131.668
C -136 -147
M 0 0 0 7.72713 132.591
M 13.199 0 3 7.35656 132.591
M 0 3.599 3 7.61596 132.591
M 13.199 3.599 3 7.39362 132.591
C -191 -197
M 0 0 0 7.67155 130.905
M 13.199 0 3 7.35656 130.905
M 0 3.599 3 7.5789 130.905
M 13.199 3.599 3 7.50479 130.905
C -168 -179
M 0 0 0 7.6067 130
M 13.199 0 3 7.41215 130
M 0 3.599 3 7.50479 130
M 13.199 3.599 3 7.50479 130
C -123 -137
M 0 0 0 7.58817 130.59
M 13.199 0 3 7.43067 130.59
M 0 3.599 3 7.52332 130.59
M 13.199 3.599 3 7.61596 130.59
C -185 -197
C -181 -190
M 0 0 0 7.52332 123.891
M 13.199 0 3 7.54185 123.891
M 0 3.599 3 7.43067 123.891
M 13.199 3.599 3 7.61596 123.891
C -142 -154
M 0 0 0 7.477 123.814
M 13.199 0 3 7.48626 123.814
M 0 3.599 3 7.43067 123.814
M 13.199 3.599 3 7.61596 123.814
C -142 -151
C -191 -192
M 0 0 0 7.39362 121.367
M 13.199 0 3 7.56037 121.367
M 0 3.599 3 7.43067 121.367
M 13.199 3.599 3 7.65302 121.367
C -186 -190
M 0 0 0 7.37509 120.744
M 13.199 0 3 7.59743 120.744
M 0 3.599 3 7.35656 120.744
M 13.199 3.599 3 7.72713 120.744
C -122 -130
M 0 0 0 7.3473 121.254
M 13.199 0 3 7.56037 121.254
M 0 3.599 3 7.39362 121.254
M 13.199 3.599 3 7.72713 121.254
C -165 -174
M 0 0 0 7.27318 121.031
M 13.199 0 3 7.69007 121.031
M 0 3.599 3 7.3195 121.031
M 13.199 3.599 3 7.8383 121.031
C -196 -200
M 0 0 0 7.27318 117.202
M 13.199 0 3 7.67155 117.202
M 0 3.599 3 7.26392 117.202
M 13.199 3.599 3 7.91242 117.202
C -144 -151
M 0 0 0 7.25465 117.524
M 13.199 0 3 7.69007 117.524
M 0 3.599 3 7.28245 117.524
M 13.199 3.599 3 7.91242 117.524
C -134 -144
M 0 0 0 7.1898 118.188
M 13.199 0 3 7.78272 118.188
M 0 3.599 3 7.26392 118.188
M 13.199 3.599 3 8.02359 118.188
C -192 -198
M 0 0 0 7.14348 114.914
C -144 -155
M 0 3.599 3 7.24539 112.82
M 13.199 3.599 3 8.06064 112.82
C -121 -133
M 0 0 0 7.0879 115.367
M 13.199 0 3 7.74566 115.367
M 0 3.599 3 7.15275 115.367
M 13.199 3.599 3 8.06064 115.367
C -192 -202
M 0 0 0 7.04157 111.96
M 13.199 0 3 7.87536 111.96
M 0 3.599 3 7.17127 111.96
M 13.199 3.599 3 8.17181 111.96
C -174 -182
M 0 0 0 7.01378 111.834
M 13.199 0 3 7.87536 111.834
M 0 3.599 3 7.09716 111.834
M 13.199 3.599 3 8.13476 111.834
C -133 -143
M 0 0 0 6.9304 115.672
M 13.199 0 3 7.87536 115.672
M 0 3.599 3 7.11569 115.672
C -183 -189
M 0 0 0 6.92114 113.257
M 13.199 0 3 7.91242 113.257
M 0 3.599 3 7.07863 113.257
M 13.199 3.599 3 8.28299 113.257
C -187 -192
M 0 0 0 6.83776 112.781
M 13.199 0 3 7.968 112.781
M 0 3.599 3 7.11569 112.781
M 13.199 3.599 3 8.32004 112.781
C -147 -155
C -148 -156
M 0 0 0 6.81923 117.786
M 13.199 0 3 7.98653 117.786
M 0 3.599 3 7.07863 117.786
M 13.199 3.599 3 8.39416 117.786
C -203 -210
M 0 0 0 6.74512 115.428
M 0 3.599 3 6.98599 115.428
M 13.199 3.599 3 8.46827 115.428
C -181 -190
M 0 0 0 6.71733 113.768
C -122 -136
M 0 3.599 3 7.02305 115.169
M 13.199 3.599 3 8.43121 115.169
C -183 -187
M 0 0 0 6.64321 113.562
M 13.199 0 3 8.0977 113.562
M 0 3.599 3 7.02305 113.562
M 13.199 3.599 3 8.50533 113.562
C -210 -199
M 0 0 0 6.65248 110.901
M 13.199 0 3 8.11623 110.901
M 0 3.599 3 7.00452 110.901
M 13.199 3.599 3 8.54239 110.901
C -190 -136
M 0 0 0 6.60615 110.883
M 13.199 0 3 8.13476 110.883
M 0 3.599 3 6.98599 110.883
M 13.199 3.599 3 8.54239 110.883
C -178 -95
M 0 0 0 6.58763 119.773
M 13.199 0 3 8.17181 119.773
M 0 3.599 3 6.9304 119.773
M 13.199 3.599 3 8.6165 119.773
C -233 -157
M 0 0 0 6.55057 125.043
M 13.199 0 3 8.46827 125.043
M 0 3.599 3 6.9304 125.043
M 13.199 3.599 3 8.76473 125.043
C -219 -136
M 0 0 0 6.51351 129.451
M 13.199 0 3 8.52386 129.451
M 0 3.599 3 6.9304 129.451
M 13.199 3.599 3 8.6165 129.451
C -156 -82
M 0 0 0 6.50425 138.811
M 13.199 0 3 8.37563 138.811
M 0 3.599 3 6.81923 138.811
M 13.199 3.599 3 8.69061 138.811
C -177 -155
M 0 0 0 6.44866 145.349
M 13.199 0 3 8.41269 145.349
M 13.199 3.599 3 8.76473 145.349
C -185 -176
M 0 0 0 6.41161 146.333
M 13.199 0 3 8.44974 146.333
M 0 3.599 3 6.8007 146.333
M 13.199 3.599 3 8.76473 146.333
C -146 -143
M 0 0 0 6.36528 147.172
M 13.199 0 3 8.52386 147.172
M 0 3.599 3 6.8007 147.172
C -129 -132
C -174 -176
C -160 -162
C -109 -118
M 13.199 0 3 8.56091 143.03
M 0 3.599 3 6.72659 143.03
M 13.199 3.599 3 8.95001 143.03
C -167 -174
M 0 0 0 6.29117 143.185
M 13.199 0 3 8.59797 143.185
M 0 3.599 3 6.68953 143.185
M 13.199 3.599 3 8.98707 143.185
C -184 -188
M 0 0 0 6.18926 135.971
M 13.199 0 3 8.59797 135.971
M 0 3.599 3 6.63395 135.971
M 13.199 3.599 3 8.98707 135.971
C -124 -132
M 0 0 0 6.18 137.53
M 13.199 0 3 8.67208 137.53
M 0 3.599 3 6.65248 137.53
M 13.199 3.599 3 9.02413 137.53
C -145 -150
M 0 0 0 6.13368 132.926
M 13.199 0 3 8.72767 132.926
M 0 3.599 3 6.55983 132.926
M 13.199 3.599 3 9.09824 132.926
C -188 -192
M 0 0 0 6.04103 94.7001
M 13.199 0 3 8.78326 94.7001
M 0 3.599 3 6.55983 94.7001
M 13.199 3.599 3 9.17236 94.7001
C -137 -144
M 0 0 0 6.04103 112.344
M 13.199 0 3 8.7462 112.344
M 0 3.599 3 6.52278 112.344
M 13.199 3.599 3 9.24647 112.344
C -83 -92
M 0 0 0 5.97618 122.608
M 13.199 0 3 8.85737 122.608
C -131 -137
C -82 -91
M 0 0 0 5.9206 122.421
M 13.199 0 3 8.85737 122.421
M 0 3.599 3 6.54131 122.421
M 13.199 3.599 3 9.24647 122.421
C -67 -74
C -73 -73
M 0 0 0 5.86501 121.543
M 13.199 0 3 8.93148 121.543
M 0 3.599 3 6.46719 121.543
M 13.199 3.599 3 9.35764 121.543
C -47 -21
M 0 0 0 5.85575 124.211
M 13.199 0 3 8.93148 124.211
M 0 3.599 3 6.68953 124.211
M 13.199 3.599 3 9.43176 124.211
C -78 -34
C -102 -56
M 0 0 0 5.88354 125.81
M 13.199 0 3 8.95001 125.81
M 0 3.599 3 6.59689 125.81
M 13.199 3.599 3 9.32058 125.81
C -93 -50
M 0 0 0 5.89281 132.468
M 13.199 0 3 8.96854 132.468
M 0 3.599 3 6.59689 132.468
M 13.199 3.599 3 9.43176 132.468
C -75 -48
M 0 0 0 5.88354 137.183
M 13.199 0 3 8.96854 137.183
M 0 3.599 3 6.43013 137.183
M 13.199 3.599 3 9.43176 137.183
C -88 -81
M 0 0 0 5.83722 141.021
M 13.199 0 3 8.98707 141.021
M 0 3.599 3 6.39308 141.021
M 13.199 3.599 3 9.46881 141.021
C -99 -95
M 0 0 0 5.84649 143.578
M 13.199 0 3 9.02413 143.578
C -95 -96
M 13.199 3.599 3 9.50587 144.67
C -98 -97
M 0 0 0 5.76311 146.245
M 13.199 0 3 8.98707 146.245
M 0 3.599 3 6.35602 146.245
M 13.199 3.599 3 9.50587 146.245
C -108 -113
M 0 0 0 5.80016 147.327
M 13.199 0 3 9.09824 147.327
M 0 3.599 3 6.35602 147.327
M 13.199 3.599 3 9.54293 147.327
C -121 -126
M 0 0 0 5.80016 147.885
M 13.199 0 3 9.15383 147.885
M 0 3.599 3 6.35602 147.885
M 13.199 3.599 3 9.57998 147.885
C -124 -130
M 0 0 0 5.75384 148.853
M 13.199 0 3 9.1353 148.853
M 0 3.599 3 6.28191 148.853
M 13.199 3.599 3 9.61704 148.853
C -121 -130
M 0 0 0 5.65194 149.261
M 13.199 0 3 9.11677 149.261
M 0 3.599 3 6.28191 149.261
M 13.199 3.599 3 9.61704 149.261
C -129 -122
M 0 0 0 5.63341 148.302
M 13.199 0 3 9.24647 148.302
M 0 3.599 3 6.24485 148.302
M 13.199 3.599 3 9.6541 148.302
C -139 -113
M 0 0 0 5.67973 149.955
M 13.199 0 3 9.24647 149.955
M 0 3.599 3 6.26338 149.955
M 13.199 3.599 3 9.6541 149.955
C -136 -105
M 0 0 0 5.55929 152.308
M 13.199 0 3 9.265 152.308
M 0 3.599 3 6.17073 152.308
M 13.199 3.599 3 9.69115 152.308
C -133 -104
C -128 -108
M 0 0 0 5.59635 157.965
M 13.199 0 3 9.33911 157.965
M 0 3.599 3 6.20779 157.965
M 13.199 3.599 3 9.76527 157.965
C -118 -120
C -101 -132
M 0 0 0 5.50371 163.337
M 13.199 0 3 9.33911 163.337
M 0 3.599 3 6.17073 163.337
M 13.199 3.599 3 9.80233 163.337
C -94 -144
M 0 0 0 5.50371 162.674
M 13.199 0 3 9.33911 162.674
M 0 3.599 3 6.09662 162.674
M 13.199 3.599 3 9.80233 162.674
C -88 -148
M 0 0 0 5.44812 161.377
M 13.199 0 3 9.43176 161.377
M 0 3.599 3 6.07809 161.377
M 13.199 3.599 3 9.87644 161.377
C -77 -143
M 0 0 0 5.39254 160.053
M 13.199 0 3 9.46881 160.053
M 0 3.599 3 6.07809 160.053
M 13.199 3.599 3 9.9135 160.053
C -72 -141
M 0 0 0 5.35548 156.927
M 13.199 0 3 9.43176 156.927
M 0 3.599 3 6.04103 156.927
M 13.199 3.599 3 9.98761 156.927
C -74 -146
M 0 0 0 5.30916 153.254
M 13.199 0 3 9.46881 153.254
M 0 3.599 3 6.02251 153.254
M 13.199 3.599 3 10.0247 153.254
C -71 -146
M 0 0 0 5.26284 148.04
M 13.199 0 3 9.50587 148.04
M 0 3.599 3 6.04103 148.04
M 13.199 3.599 3 10.0247 148.04
C -66 -139
M 0 0 0 5.23504 141.863
M 13.199 0 3 9.59851 141.863
M 0 3.599 3 6.00398 141.863
M 13.199 3.599 3 10.0247 141.863
C -64 -137
M 0 0 0 5.26284 137.223
M 13.199 0 3 9.45028 137.223
M 0 3.599 3 6.00398 137.223
M 13.199 3.599 3 10.1358 137.223
C -72 -134
M 0 0 0 5.20725 129.958
M 13.199 0 3 9.5244 129.958
M 0 3.599 3 6.05956 129.958
M 13.199 3.599 3 10.0617 129.958
C -85 -126
M 0 0 0 5.16093 122.218
C -83 -108
M 0 3.599 3 6.07809 117.567
M 13.199 3.599 3 10.1358 117.567
C -88 -101
M 0 0 0 5.17019 113.688
M 13.199 0 3 9.57998 113.688
M 0 3.599 3 6.00398 113.688
M 13.199 3.599 3 10.1358 113.688
C -97 -102
C -107 -109
M 0 0 0 5.15167 108.588
M 13.199 0 3 9.56145 108.588
M 0 3.599 3 6.02251 108.588
M 13.199 3.599 3 10.0988 108.588
C -110 -114
M 0 0 0 5.13314 107.899
M 13.199 0 3 9.56145 107.899
M 0 3.599 3 6.07809 107.899
M 13.199 3.599 3 10.1729 107.899
C -115 -116
M 0 0 0 5.08682 105.587
M 13.199 0 3 9.57998 105.587
M 0 3.599 3 6.11515 105.587
M 13.199 3.599 3 10.21 105.587
C -120 -124
M 0 0 0 5.07755 104.08
M 13.199 0 3 9.69115 104.08
M 0 3.599 3 6.09662 104.08
M 13.199 3.599 3 10.247 104.08
C -124 -125
M 0 0 0 5.08682 102.696
M 13.199 0 3 9.57998 102.696
M 13.199 3.599 3 10.3211 102.696
C -122 -123
M 0 0 0 5.04976 100.003
M 13.199 0 3 9.63557 100.003
M 0 3.599 3 6.09662 100.003
M 13.199 3.599 3 10.3211 100.003
C -124 -126
M 0 0 0 5.00344 101.301
M 13.199 0 3 9.72821 101.301
M 0 3.599 3 6.11515 101.301
M 13.199 3.599 3 10.247 101.301
C -132 -126
M 0 0 0 5.0127 100.117
C -137 -116
M 0 3.599 3 6.07809 99.1368
M 13.199 3.599 3 10.3952 99.1368
C -140 -105
M 0 0 0 4.98491 100.917
M 13.199 0 3 9.7838 100.917
M 0 3.599 3 6.11515 100.917
M 13.199 3.599 3 10.3582 100.917
C -145 -98
M 0 0 0 4.99417 105.606
M 13.199 0 3 9.76527 105.606
M 13.199 3.599 3 10.4323 105.606
C -148 -95
M 0 0 0 4.96638 110.377
M 0 3.599 3 6.07809 110.377
M 13.199 3.599 3 10.4694 110.377
C -146 -90
M 0 0 0 4.90153 114.767
M 0 3.599 3 5.98545 114.767
M 13.199 3.599 3 10.5805 114.767
C -140 -80
M 0 0 0 4.91079 121.677
M 13.199 0 3 9.93202 121.677
M 0 3.599 3 6.04103 121.677
M 13.199 3.599 3 10.6917 121.677
C -141 -72
M 0 0 0 4.84594 127.555
M 13.199 0 3 9.98761 127.555
M 0 3.599 3 6.02251 127.555
M 13.199 3.599 3 10.6176 127.555
C -133 -57
C -119 -45
M 0 0 0 4.83668 138.983
M 13.199 0 3 9.95055 138.983
M 0 3.599 3 6.00398 138.983
M 13.199 3.599 3 10.5805 138.983
C -121 -37
M 0 0 0 4.82742 146.029
M 13.199 0 3 10.0617 146.029
M 0 3.599 3 5.96692 146.029
M 13.199 3.599 3 10.5805 146.029
C -124 -30
C -125 -22
M 0 0 0 4.82742 155.438
M 13.199 0 3 10.0617 155.438
M 0 3.599 3 6.04103 155.438
M 13.199 3.599 3 10.6546 155.438
C -135 -8
M 0 0 0 4.85521 161.274
M 13.199 0 3 10.0432 161.274
M 0 3.599 3 5.91133 161.274
M 13.199 3.599 3 10.6546 161.274
C -133 4
M 0 0 0 4.83668 12.012
M 13.199 0 3 10.0061 12.012
M 0 3.599 3 5.94839 12.012
M 13.199 3.599 3 10.6917 12.012
C -120 10
M 0 0 0 4.79962 -4.15352
M 13.199 0 3 10.0432 -4.15352
M 0 3.599 3 5.89281 -4.15352
M 13.199 3.599 3 10.6176 -4.15352
C -109 8
M 0 0 0 4.73477 -160.26
M 13.199 0 3 10.0061 -160.26
M 0 3.599 3 5.94839 -160.26
M 13.199 3.599 3 10.6546 -160.26
C -98 0
M 0 0 0 4.7533 -167.238
M 13.199 0 3 10.0061 -167.238
M 0 3.599 3 5.94839 -167.238
M 13.199 3.599 3 10.6917 -167.238
C -86 -8
M 0 0 0 4.73477 -165.61
M 13.199 0 3 10.0247 -165.61
M 0 3.599 3 5.89281 -165.61
M 13.199 3.599 3 10.9511 -165.61
C -70 -19
M 0 0 0 4.6514 -161.968
M 13.199 0 3 10.0432 -161.968
M 0 3.599 3 5.92986 -161.968
M 13.199 3.599 3 10.8399 -161.968
C -51 -24
M 0 0 0 4.68845 -159.56
M 13.199 0 3 10.0247 -159.56
M 0 3.599 3 5.92986 -159.56
M 13.199 3.599 3 10.8029 -159.56
C -42 -32
M 0 0 0 4.66066 -158.332
M 13.199 0 3 10.0617 -158.332
M 0 3.599 3 5.96692 -158.332
M 13.199 3.599 3 10.8399 -158.332
C -50 -24
M 0 0 0 4.67919 -158.431
C -73 -11
M 0 3.599 3 5.92986 -158.017
M 13.199 3.599 3 10.877 -158.017
C -79 -3
C -70 5
M 0 0 0 4.66066 -152.232
M 13.199 0 3 10.1173 -152.232
M 0 3.599 3 5.92986 -152.232
M 13.199 3.599 3 10.7658 -152.232
C -74 9
M 0 0 0 4.6236 -148.535
M 13.199 0 3 10.1544 -148.535
M 0 3.599 3 5.91133 -148.535
M 13.199 3.599 3 10.6917 -148.535
C -82 18
M 0 0 0 4.63287 -145.076
M 13.199 0 3 10.2285 -145.076
M 0 3.599 3 5.91133 -145.076
M 13.199 3.599 3 10.5805 -145.076
C -79 36
M 0 0 0 4.66066 -139.562
M 13.199 0 3 10.1914 -139.562
M 0 3.599 3 5.87428 -139.562
M 13.199 3.599 3 10.6546 -139.562
C -83 45
M 0 0 0 4.67919 -134.471
M 13.199 0 3 10.0061 -134.471
M 0 3.599 3 6.11515 -134.471
M 13.199 3.599 3 10.6546 -134.471
C -80 41
M 0 0 0 4.64213 -127.008
M 13.199 0 3 10.0247 -127.008
M 0 3.599 3 5.89281 -127.008
M 13.199 3.599 3 10.6546 -127.008
C -60 31
M 0 0 0 4.67919 -118.054
M 0 3.599 3 5.80016 -118.054
M 13.199 3.599 3 10.5805 -118.054
C -23 9
M 0 0 0 4.63287 -112.595
M 13.199 0 3 10.0061 -112.595
M 0 3.599 3 5.83722 -112.595
M 13.199 3.599 3 10.6176 -112.595
C 0 -10
M 0 0 0 4.69772 -110.543
M 13.199 0 3 10.0061 -110.543
M 0 3.599 3 5.76311 -110.543
C 3 -2
C 11 9
M 13.199 0 3 9.98761 -107.961
M 0 3.599 3 5.81869 -107.961
M 13.199 3.599 3 10.5805 -107.961
C 18 13
M 0 0 0 4.67919 -108.56
M 13.199 0 3 10.0247 -108.56
M 0 3.599 3 5.83722 -108.56
M 13.199 3.599 3 10.6176 -108.56
C 21 18
M 0 0 0 4.66066 -107.427
M 13.199 0 3 9.98761 -107.427
M 0 3.599 3 5.74458 -107.427
M 13.199 3.599 3 10.6176 -107.427
C 26 21
M 0 0 0 4.66992 -108.196
M 0 3.599 3 5.78164 -108.196
M 13.199 3.599 3 10.5435 -108.196
C 28 23
C 31 25
M 0 0 0 4.69772 -109.864
M 13.199 0 3 9.96908 -109.864
M 0 3.599 3 5.83722 -109.864
M 13.199 3.599 3 10.5805 -109.864
C 34 27
M 0 0 0 4.68845 -110.044
M 13.199 0 3 10.0617 -110.044
M 0 3.599 3 5.80016 -110.044
M 13.199 3.599 3 10.5435 -110.044
C 31 28
M 0 0 0 4.67919 -111.179
M 13.199 0 3 10.0432 -111.179
M 0 3.599 3 5.81869 -111.179
M 13.199 3.599 3 10.5805 -111.179
C 30 29
M 0 0 0 4.66066 -111.313
M 13.199 0 3 10.0247 -111.313
M 0 3.599 3 5.83722 -111.313
M 13.199 3.599 3 10.6546 -111.313
C 30 31
M 0 0 0 4.6514 -110.732
M 13.199 0 3 10.0432 -110.732
M 0 3.599 3 5.87428 -110.732
C 32 34
C 30 35
M 0 0 0 4.66066 -110.757
M 13.199 0 3 10.0061 -110.757
M 0 3.599 3 5.85575 -110.757
M 13.199 3.599 3 10.6546 -110.757
C 39 35
M 0 0 0 4.68845 -111.3
M 13.199 0 3 10.0061 -111.3
M 0 3.599 3 5.85575 -111.3
M 13.199 3.599 3 10.6546 -111.3
C 19 13
M 0 0 0 4.66066 -110.509
M 13.199 0 3 10.0061 -110.509
M 0 3.599 3 5.89281 -110.509
M 13.199 3.599 3 10.6176 -110.509
C 6 -10
M 0 0 0 4.63287 -110.577
M 13.199 0 3 10.0247 -110.577
M 0 3.599 3 5.83722 -110.577
M 13.199 3.599 3 10.6176 -110.577
C 16 -8
M 0 0 0 4.63287 -111.887
M 13.199 0 3 10.0432 -111.887
M 0 3.599 3 5.85575 -111.887
M 13.199 3.599 3 10.5805 -111.887
C 7 -18
M 0 0 0 4.6236 -113.027
M 13.199 0 3 10.0061 -113.027
M 0 3.599 3 5.87428 -113.027
M 13.199 3.599 3 10.6176 -113.027
C -2 -34
M 0 0 0 4.61434 -114.465
M 13.199 0 3 10.0617 -114.465
M 0 3.599 3 5.85575 -114.465
M 13.199 3.599 3 10.6176 -114.465
C 3 -44
M 0 0 0 4.61434 -115.941
M 13.199 0 3 9.98761 -115.941
M 0 3.599 3 5.89281 -115.941
M 13.199 3.599 3 10.6176 -115.941
C 11 -38
C 12 -29
M 0 0 0 4.61434 -122.034
M 13.199 0 3 9.98761 -122.034
M 0 3.599 3 5.89281 -122.034
M 13.199 3.599 3 10.6546 -122.034
C -2 -23
C -17 -21
M 0 0 0 4.63287 -126.622
M 13.199 0 3 10.0247 -126.622
M 0 3.599 3 5.89281 -126.622
M 13.199 3.599 3 10.5805 -126.622
C -14 -18
M 0 0 0 4.6514 -127.603
M 13.199 0 3 10.0803 -127.603
M 0 3.599 3 5.96692 -127.603
M 13.199 3.599 3 10.6176 -127.603
C -12 -16
M 0 0 0 4.6514 -127.95
M 13.199 0 3 10.1173 -127.95
M 0 3.599 3 5.92986 -127.95
M 13.199 3.599 3 10.6546 -127.95
C -14 -20
M 0 0 0 4.66992 -128.027
M 13.199 0 3 10.0432 -128.027
M 0 3.599 3 6.02251 -128.027
M 13.199 3.599 3 10.6546 -128.027
C -12 -18
M 0 0 0 4.60507 -128.054
M 13.199 0 3 10.0061 -128.054
M 0 3.599 3 6.04103 -128.054
M 13.199 3.599 3 10.6176 -128.054
C -10 -16
M 0 0 0 4.6236 -128.396
M 13.199 0 3 10.0617 -128.396
M 0 3.599 3 6.00398 -128.396
M 13.199 3.599 3 10.6176 -128.396
C -18 -20
M 0 0 0 4.56802 -128.594
M 13.199 0 3 10.0617 -128.594
M 0 3.599 3 6.05956 -128.594
M 13.199 3.599 3 10.6176 -128.594
C -19 -20
