F 273.40999999999985 1445.49 -0.00105827
E 0.9505467022093239 5.425833975005583e-14 4.361486852841745e-15 2.2291899999999997e-25
F 273.40999999999985 1445.49 -0.00105826
E 0.9196978890850012 5.763248054350644e-14 6.5785398381670815e-15 2.53347e-25
F 273.40999999999985 1445.49 -0.00105825
E 0.867798369700018 7.30399781630066e-14 8.169552616117905e-15 4.1238700000000004e-25
F 273.40999999999985 1445.49 -0.00105825
E 0.8972023859936961 8.787241471797671e-14 9.132290601591292e-15 5.969000000000001e-25
F 273.40999999999985 1445.49 -0.00105825
E 0.7415357218573133 8.683667244374396e-14 1.4874405508519987e-12 8.48448e-25
F 273.40999999999985 1445.49 -0.00105824
E 0.7415307867096996 9.686693328687482e-14 1.4874396785199714e-12 9.91262e-25
F 273.74 1445.49 -0.000996339
E 0.7853362352014444 0.00015563322297277113 3.16080856275228e-07 1.89232e-06
F 274.56999999999994 1445.489 -0.00128064
E 2.3563246552915746 3.313915692366538e-06 0.0010296616036168309 8.28088e-05
F 275.5899999999999 1445.4879999999998 -0.00134914
E 2.3585024624087114 8.475334030669231e-05 0.0017817061686223286 0.000246931
F 276.6200000000001 1445.487 -0.000866409
E 2.3615954998175757 8.589851114834308e-05 0.0022801538206407256 0.000401869
F 277.6600000000001 1445.4850000000001 -0.00130528
E 2.364095516914373 8.73920934009867e-05 0.0027962425899787364 0.000601288
F 279.6700000000001 1445.483 -0.000926012
E 2.3603885519528376 0.00010570177273092948 0.006205362772251236 0.00298337
F 283.25 1445.4769999999999 -0.00276474
E 2.3586845047218072 0.0004109583000140065 0.020534218107238697 0.0327808
F 286.70000000000005 1445.4679999999998 -0.0019933
E 2.3709869970755006 0.0005965460393976968 0.026418537673816824 0.052919999999999995
F 291.3900000000001 1445.459 -0.00186934
E 2.3750798296542803 0.004537739972558508 0.040924404894163637 0.126004
F 299.84000000000015 1445.4360000000001 -0.00362827
E 2.3661394771846216 0.007323017277743784 0.11191538508154214 0.959659
F 309.21000000000004 1445.3890000000001 -0.00632562
E 2.385537237522565 0.011480221253962484 0.17519076608075 2.25922
F 321.26 1445.301 -0.0083712
E 2.3988852448989824 0.022973838941955864 0.2811416061778638 5.66088
F 334.54999999999995 1445.21 -0.00535453
E 2.426256224659404 0.03739425273526643 0.3865941927426885 10.0939
F 348.94000000000005 1445.1109999999999 -0.00838163
E 2.4497040533779684 0.055530127586648874 0.5166569509163798 17.1037
F 366.1199999999999 1445.0030000000002 -0.00423325
E 2.4728582688655423 0.08942540181428638 0.6951612025353209 29.450899999999997
F 383.04999999999995 1444.8890000000001 -0.00917655
E 2.502140713947697 0.11642015879530129 0.8741597946749078 43.2753
F 403.1700000000001 1444.5700000000002 -0.0225324
E 2.5138266043453354 0.17190803548597447 1.1657854122158817 74.8101
F 424.73 1444.0059999999999 -0.0297879
E 2.5420024866666093 0.22796972593828504 1.4838513416294854 111.80299999999998
F 447.78999999999996 1443.365 -0.025826
E 2.5788095829865374 0.29229705231232694 1.8304623550375256 152.749
F 470.77 1442.725 -0.0298826
E 2.6123684412492825 0.3525462969536762 2.200700140524431 197.91000000000003
F 492.3900000000001 1442.164 -0.0219726
E 2.651947614265278 0.3863412949572024 2.533531212322199 227.86299999999997
F 515.9499999999998 1441.634 -0.0230252
E 2.681777576057155 0.45329458266613826 2.9409291085174987 275.573
F 530.76 1441.296 -0.0227692
E 2.7088405097852797 0.4440374648852937 3.1706530446862584 282.893
F 554.75 1440.681 -0.0284946
E 2.730877195138242 0.5288360691061227 3.6180978997274775 337.62100000000004
F 576.77 1440.133 -0.0213203
E 2.75630915974079 0.5614711409833616 4.023431390970007 370.184
F 599.06 1439.641 -0.0228229
E 2.7772852805175385 0.6049212509447537 4.45578727950016 408.718
F 621.51 1439.118 -0.0236273
E 2.796254816187275 0.6493570124866777 4.9075702206218486 447.979
F 645.4200000000001 1438.74 -0.00802931
E 2.816686405726833 0.6960856930236687 5.401367855272196 489.43800000000005
F 667.5800000000002 1438.633 -0.00161261
E 2.8345047243603094 0.7242844663592068 5.870926844356925 523.1719999999999
F 689.77 1438.67 0.00495538
E 2.8511072134078934 0.7526961106905355 6.353745239223191 556.983
F 711.78 1438.8290000000002 0.00948302
E 2.8662588622060796 0.7806703452383917 6.845395811205176 590.59
F 733.7800000000002 1439.071 0.0124763
E 2.8801133706799282 0.8099535401013702 7.349558167868137 624.814
F 755.8299999999999 1439.403 0.0176763
E 2.893270642626454 0.8370098882232415 7.866380644681295 658.4010000000001
F 778.78 1439.8 0.016858
E 2.9049020481257477 0.8829784684427331 8.421809723822221 701.236
F 801.0600000000002 1440.216 0.0205675
E 2.916035601923231 0.9109958361643231 8.9709718863951 736.957
F 824.3 1440.783 0.0281595
E 2.927119302095007 0.9459001762407503 9.556997585883744 777.336
F 846.94 1441.491 0.0344233
E 2.937512091318598 0.9722198090099627 10.13942792483721 814.283
F 861.52 1441.967 0.0308166
E 2.9442893129137158 0.9536413160369227 10.51556457068984 821.7810000000001
F 883.2 1442.576 0.0253205
E 2.9522543233103766 0.9880242504767325 11.091910930063849 858.486
F 905.5699999999999 1443.243 0.0343432
E 2.9609136427119935 1.011783918546669 11.694579654787528 892.475
F 928.3900000000001 1444.089 0.0397366
E 2.9691460679984325 1.043602270753584 12.321197762412467 931.0300000000001
F 951.6400000000001 1445.0549999999998 0.0433012
E 2.976956054625818 1.081436714746982 12.972388547680696 973.672
F 973.51 1445.951 0.0386014
E 2.9834635456137883 1.1107773441342337 13.596601917087892 1011.28
F 997.01 1446.981 0.0489976
E 2.990871099854241 1.1399106713882823 14.277017323700884 1052.33
F 1019.891 1448.084 0.0473868
E 2.9971753944390827 1.1744300249372204 14.952734001396733 1095.29
F 1042.29 1449.0439999999999 0.0381964
E 3.002346334148236 1.2139167851955472 15.627585419335276 1139.6
F 1065.079 1449.973 0.0433105
E 3.00797791761054 1.2366292366994953 16.32259532460877 1178.1299999999999
F 1087.934 1451.005 0.0469336
E 3.0134053272964194 1.2607189282449744 17.030588004645196 1217.9199999999998
F 1109.737 1451.877 0.0330224
E 3.0173072101740352 1.2986256747461877 17.719829608573836 1261.14
F 1132.288 1452.552 0.0268755
E 3.021069036169128 1.3344757735670103 18.443111299608933 1304.43
F 1155.195 1453.152 0.0254502
E 3.0247472963586044 1.3672944485403993 19.18845188885728 1347.35
F 1170.4740000000002 1453.529 0.0238835
E 3.0273551370247684 1.3505957059720142 19.688218081863326 1355.96
F 1192.279 1453.873 0.00769173
E 3.029653664216799 1.3972560693016827 20.41581679670935 1400.8100000000002
F 1214.167 1454.016 0.00539155
E 3.0321335541577876 1.4250468326904946 21.153909131048067 1437.0600000000002
F 1236.336 1454.237 0.0145025
E 3.035107178274118 1.4409567876983673 21.90868990916586 1469.6799999999998
F 1258.758 1454.472 0.00647866
E 3.037291589113301 1.4807292426709646 22.684354319880896 1513.21
F 1280.258 1454.48 -0.00570112
E 3.03885203421586 1.517693030797055 23.437917737381664 1552.88
F 1302.541 1454.3960000000002 -0.00182494
E 3.0408559984370034 1.5421396326621772 24.22632381013208 1588.5199999999998
F 1325.005 1454.351 -0.00227056
E 3.0426797450479754 1.5717115596592048 25.03077830937811 1627.6200000000001
F 1348.733 1454.228 -0.00809131
E 3.0441491837730403 1.6242409991042355 25.89265902098177 1680.1
F 1371.1689999999999 1454.2069999999999 0.0062234
E 3.0463768325184253 1.6349291031367899 26.713270799879904 1712.37
F 1393.682 1454.4319999999998 0.0137593
E 3.0486359303033903 1.6492844808879843 27.545454084133414 1747.81
F 1416.253 1454.779 0.0169223
E 3.0508289795617305 1.667213500726005 28.38873296121186 1785.73
F 1439.189 1455.171 0.0172779
E 3.0529187070597983 1.692033953120053 29.255233396804222 1827.78
F 1462.842 1455.4470000000001 0.00604788
E 3.054387917104929 1.7429345601330604 30.16129024294375 1883.98
F 1478.689 1455.498 0.000403755
E 3.0554417382709684 1.7341994504219942 30.77146587776013 1894.8300000000002
F 1501.124 1455.606 0.00923475
E 3.0572454987470175 1.7473919798994604 31.642388046236068 1929.2
F 1523.921 1455.916 0.0179448
E 3.0592469753097995 1.7604010921707947 32.53522073068944 1965.9800000000002
F 1546.3220000000001 1456.2 0.00739648
E 3.060556119407848 1.7945798248521563 33.42332842869234 2011.1299999999999
F 1569.121 1456.365 0.00701814
E 3.0619849180948666 1.819077700671125 34.334885412928365 2052.59
F 1591.136 1456.4679999999998 0.00233762
E 3.0631562263412446 1.8430491173060162 35.223666333179985 2091.04
F 1613.524 1456.473 -0.00191102
E 3.064200560948497 1.8712212775324604 36.13591884718735 2131.85
F 1636.0439999999999 1456.539 0.00783398
E 3.065668726333926 1.8825577855207076 37.059836429538855 2166.37
F 1657.846 1456.7600000000002 0.0124016
E 3.067100673700104 1.8909366435431263 37.96158661871374 2198.7
F 1679.818 1457.091 0.0177854
E 3.068639971514205 1.8978849826900221 38.877250836350036 2231.7
F 1702.5720000000001 1457.4009999999998 0.00944095
E 3.0697724539565425 1.9296973917390605 39.83531056708753 2278.01
F 1724.674 1457.663 0.0143053
E 3.071141450612346 1.9390897919093255 40.772032458278474 2312.04
F 1747.031 1457.981 0.0144901
E 3.072429236738865 1.9572453781240906 41.727418929641594 2350.08
F 1770.097 1458.217 0.00603751
E 3.0733832408890316 1.9930090905803377 42.722714271975555 2398.97
F 1785.187 1458.3380000000002 0.00993498
E 3.0742188263837456 1.977119755243959 43.37591264138916 2406.2799999999997
F 1807.862 1458.531 0.00709086
E 3.075223398897819 2.0022746309945285 44.3658640883064 2448.31
F 1830.1689999999999 1458.6680000000001 0.00527667
E 3.0761604132695073 2.0234209784490256 45.34703923680103 2487.1
F 1851.96 1458.64 -0.00785899
E 3.0766436645172224 2.058082580856633 46.31401295601984 2529.53
F 1874.17 1458.484 -0.00624933
E 3.077331023607621 2.0793012407286233 47.30571536664787 2565.83
F 1895.912 1458.397 -0.00173362
E 3.0781189962837083 2.092090910238509 48.28273040770682 2597.8
F 1917.8698 1458.225 -0.0139305
E 3.078453054118323 2.1286794415807235 49.277883719118776 2640.79
F 1939.4781 1457.888 -0.0172952
E 3.0788115179613462 2.153833716746524 50.26357031012228 2675.8199999999997
F 1962.6103 1457.4279999999999 -0.0224878
E 3.079039922480324 2.196034522468617 51.326951325557275 2722.91
F 1984.862 1456.871 -0.027547
E 3.0791649033759088 2.231458792271629 52.357139834586015 2763.3
F 2007.37597 1456.156 -0.0359576
E 3.0790836118257925 2.2760591603828066 53.407307128317534 2807.8599999999997
F 2022.8706 1455.5749999999998 -0.038957
E 3.0790674771955655 2.2795274738689715 54.13308465712882 2817.2599999999998
F 2044.485 1454.781 -0.0344718
E 3.0791739253520936 2.303481715912607 55.151470261312674 2848.59
F 2067.4625 1454.094 -0.0253265
E 3.079504399171664 2.3284654780887264 56.24025736531927 2886.43
F 2089.4889 1453.567 -0.0225235
E 3.079812028003938 2.3496298478410087 57.290406173967156 2920.98
F 2111.186 1453.0459999999998 -0.025455
E 3.0800039680551605 2.3744630420391664 58.33128427578112 2956.37
F 2134.167 1452.586 -0.0145841
E 3.0805401162055026 2.3909614089459437 59.4394776519859 2993.44
F 2157.031 1452.272 -0.0129308
E 3.081001372908892 2.413112803688213 60.54908658763298 3034.21
F 2179.709 1451.899 -0.0199937
E 3.0812361360515363 2.445618375563949 61.65720031562497 3079.0299999999997
F 2202.545 1451.437 -0.0202708
E 3.081527717398454 2.471354038653644 62.77977627560989 3120.73
F 2224.588 1450.957 -0.0233466
E 3.081731783298094 2.4957934904596817 63.8698513764748 3158.4599999999996
F 2247.484 1450.385 -0.0266046
E 3.0818755741611574 2.528140411462399 65.00923400610047 3202.45
F 2262.642 1449.961 -0.0292575
E 3.0819699974651935 2.526440387045891 65.76644052228085 3211.0
F 2284.721 1449.329 -0.0280293
E 3.0821345631622092 2.5492833969630033 66.8751759187366 3246.68
F 2307.322 1448.6399999999999 -0.0328793
E 3.082161000936247 2.5834978286500605 68.0170415334963 3289.5
F 2329.8360000000002 1447.942 -0.0290454
E 3.0823303245605875 2.6065563509137353 69.16035760455198 3326.76
F 2352.379 1447.295 -0.0286615
E 3.0824737257067407 2.6338348475352085 70.31162218293579 3366.0099999999998
F 2374.393 1446.78 -0.0180328
E 3.082871525364473 2.641944764905656 71.44070567861986 3397.16
F 2396.641 1446.475 -0.00941647
E 3.0833866598944684 2.647844789226716 72.58716703365799 3430.4700000000003
F 2419.548 1446.3719999999998 0.000390779
E 3.0840733016999606 2.6510660184714077 73.77298386920313 3467.48
F 2441.99 1446.37 -0.000433732
E 3.084634494331427 2.660970100387448 74.94136133087551 3506.65
F 2464.79 1446.3220000000001 -0.00375936
E 3.0851174650906916 2.6772332273372004 76.13511228235264 3549.9
F 2487.045 1446.286 0.000524412
E 3.0857093269940683 2.6808156758794413 77.30550644884204 3585.16
F 2502.174 1446.316 0.0033642
E 3.0861430887950356 2.664281607283863 78.1038091485754 3592.7099999999996
F 2524.378 1446.403 0.00451035
E 3.086753880974867 2.6688868881677115 79.28084158722186 3629.19
F 2546.328 1446.511 0.00543026
E 3.0873597913969033 2.671668498849498 80.44989985967824 3664.14
F 2569.176 1446.63 0.00512019
E 3.087961322541184 2.68179601385438 81.67299045669918 3705.91
F 2591.303 1446.674 -0.0011691
E 3.088397529671793 2.696041509097897 82.86381091997411 3746.13
F 2613.73 1446.624 -0.00322989
E 3.088833172646616 2.7093826839857176 84.0765005543863 3785.8999999999996
F 2636.14 1446.413 -0.0155996
E 3.0890036744684406 2.740097846718712 85.29531794764826 3832.48
F 2659.0209999999997 1445.979 -0.0223245
E 3.0891186524969414 2.771993011393916 86.54614061149569 3878.66
F 2681.692 1445.571 -0.013649
E 3.089470959427093 2.7830673981186775 87.79041995489901 3914.63
F 2703.821 1445.417 -0.000300558
E 3.090028382926616 2.7796710767530493 89.00924743365188 3945.43
F 2726.837 1445.417 -0.000291303
E 3.093076031571303 5.563898932279991 90.38867975953279 3988.25
F 2749.5280000000002 1445.489 0.00664942
E 3.0936067321118563 5.561728813088217 91.64875925297443 4025.12
F 2772.173 1445.567 0.000306757
E 3.0939456221103496 5.568203781524285 92.91320415660746 4069.18
F 2786.876 1445.606 0.00494309
E 3.0942672056607474 5.558065841587539 93.73614673166686 4075.66
F 2809.1059999999998 1445.751 0.0080954
E 3.0947653406264792 5.556228695226506 94.9854295283563 4111.31
F 2830.834 1445.999 0.0147289
E 3.095355362100762 5.549539802089224 96.21106801187183 4142.32
F 2853.551 1446.356 0.0167056
E 3.0959542787468677 5.546790617885008 97.4982651837526 4181.87
F 2876.4610000000002 1446.758 0.0184429
E 3.096569346655568 5.544218678817337 98.80218944558592 4222.94
F 2899.788 1447.357 0.0328236
E 3.0974647253384875 5.531906245541578 100.1336737231314 4260.91
F 2922.0190000000002 1448.2669999999998 0.0490052
E 3.0985236257765267 5.51121297656339 101.40664096363194 4291.47
F 2944.511 1449.555 0.0654736
E 3.0997889053045666 5.485619955509544 102.69892050895042 4323.570000000001
F 2966.478 1451.245 0.0880209
E 3.101321692866926 5.450417093891772 103.9633149409089 4351.19
F 2988.201 1453.4769999999999 0.116766
E 3.1032004252634926 5.405057186818439 105.21580801765114 4376.63
F 3010.7 1456.27 0.130262
E 3.105187231585427 5.3625842951569656 106.51992015429478 4410.62
F 3033.37 1459.5259999999998 0.155034
E 3.107536321075871 5.310228067835721 107.83575139010054 4442.57
F 3056.2200000000003 1463.423 0.18277
E 3.110231516072618 5.251184923548473 109.16450685501536 4475.429999999999
F 3077.84 1467.603 0.199281
E 3.112875695494697 5.194210246673155 110.42885211715893 4504.59
F 3113.99 1475.509 0.23131
E 3.1178986757728797 5.2038528803512545 112.55041143949522 4731.52
F 3136.9300000000003 1481.0929999999998 0.246306
E 3.121142532074259 5.133155414869681 113.90836016503263 4771.09
F 3158.45 1486.8 0.272112
E 3.1245078828333166 5.05840596681551 115.18361311000312 4799.25
F 3179.52 1492.911 0.292396
E 3.1279662052497383 4.988497223495358 116.43930906464183 4826.95
F 3200.42 1499.446 0.313797
E 3.131602509803916 4.922714234491077 117.68933632477302 4854.12
F 3221.24 1506.448 0.335086
E 3.1354230167716315 4.863293099010807 118.94005877009275 4881.6900000000005
F 3242.33 1514.027 0.354942
E 3.1394676054604003 4.8131222417234 120.21299910694445 4912.070000000001
F 3262.86 1521.866 0.374388
E -3.139607825507985 4.773015009816193 121.45928547342962 4940.2
F 3283.6499999999996 1530.402 0.404766
E -3.1350946116994827 4.743916456599875 122.72055637362799 4968.6
F 3304.71 1539.742 0.430119
E -3.130297336124075 4.733166992347359 124.0074958630427 5001.18
F 3318.42 1546.212 0.452078
E -3.127034520873108 4.7238289497267845 124.84990444551299 5006.98
F 3338.2799999999997 1556.147 0.475623
E -3.1220794703760477 4.744882761321339 126.07514777933562 5035.3
F 3358.3199999999997 1566.687 0.492606
E -3.11696199538869 4.790354630079877 127.32367809059741 5067.929999999999
F 3378.48 1577.892 0.522098
E -3.111472602316778 4.862727971225412 128.5782737350205 5099.7300000000005
F 3397.22 1589.037 0.550624
E -3.10609250710274 4.952819742048708 129.7531416829773 5125.070000000001
F 3416.08 1601.002 0.580208
E -3.1003804180413903 5.075455769723698 130.94220537599625 5152.86
F 3434.51 1613.693 0.625859
E -3.094255603116085 5.236980444526837 132.10038772018666 5179.47
F 3453.04 1627.684 0.667363
E -3.087628546525894 5.443754170807584 133.27787378454013 5210.57
F 3469.79 1641.531 0.714672
E -3.081096869734883 5.672124059647992 134.34565720056588 5234.24
F 3487.08 1657.472 0.77491
E -3.0735638547276785 5.981718640612811 135.44780560091974 5267.43
F 3502.59 1673.405 0.822658
E -3.066202389486988 6.3011974498984085 136.4584548890152 5293.39
F 3512.8999999999996 1684.766 0.844707
E -3.0611102798059524 6.521076920558597 137.15469935731753 5299.49
F 3527.4300000000003 1701.699 0.878861
E -3.0534931166266617 6.89210082451277 138.13525960530407 5326.51
F 3541.12 1718.751 0.909549
E -3.0459017977014637 7.28083992012639 139.07691889762833 5351.8099999999995
F 3554.7200000000003 1736.949 0.948412
E -3.03780255468119 7.7218778200614935 140.01928296821134 5380.43
F 3567.66 1755.857 0.993238
E -3.0294032338404335 8.202100216810537 140.92650762732112 5409.7
F 3579.3900000000003 1774.7 1.03448
E -3.0210951658727643 8.689945285413367 141.7717632356194 5435.58
F 3590.18 1793.819 1.07995
E -3.0126789978738464 9.201180866748214 142.56402516293298 5460.219999999999
F 3600.3599999999997 1813.688 1.11408
E -3.0040252943989203 9.73731643636098 143.34764270338795 5487.33
F 3609.77 1833.757 1.15074
E -2.9952998774539705 10.291201750761374 144.09105859325598 5513.37
F 3618.89 1855.47 1.19563
E -2.9858482196706926 10.913296431619012 144.82999675825315 5546.1
F 3626.8199999999997 1876.905 1.23773
E -2.9765436504878453 11.533312814989435 145.5072187058484 5575.19
F 3633.5 1897.771 1.28361
E -2.9674762908697256 12.147526490914942 146.10797582662119 5599.66
F 3637.6099999999997 1912.6688 1.31947
E -2.961015174369495 12.579204742324317 146.51064332686101 5605.74
F 3642.71 1934.8163 1.36949
E -2.9513658676967136 13.256307999012726 147.03731260545845 5634.1
F 3646.76 1956.8769 1.40896
E -2.941765130083908 13.931885410629967 147.52346446889416 5661.2
F 3649.8900000000003 1978.8561 1.45034
E -2.9321739436802696 14.615424053987844 147.95985732529655 5687.09
F 3652.0 2000.573292 1.49745
E -2.922655494335992 15.303842996172918 148.3343938186572 5711.16
F 3653.23 2022.9731 1.53469
E -2.9128153779804995 16.019736030465477 148.6871146317468 5738.469999999999
F 3653.56 2045.7289 1.57708
E -2.9027682707871807 16.761102343490904 148.9945483842648 5767.06
F 3653.02 2068.2699 1.61317
E -2.8927702621612736 17.502572909979598 149.26593697669554 5795.0599999999995
F 3651.65 2091.0827 1.64834
E -2.882597012365497 18.264112476494322 149.50455576819715 5824.79
F 3649.62 2112.817 1.67949
E -2.8728500701046324 18.99650758739135 149.70572032985976 5849.83
F 3646.96 2134.175 1.70938
E -2.8632126637069466 19.725265117908528 149.87622865560846 5873.599999999999
F 3643.6 2155.972 1.73837
E -2.8533134467801147 20.47988288053066 150.02404606328864 5900.08
F 3640.87 2171.051 1.76086
E -2.8464182360320267 21.001860338779974 150.11566161567015 5906.13
F 3636.26 2193.306 1.78974
E -2.83618281348261 21.792591161754984 150.21681986534196 5936.17
F 3630.99 2215.493 1.81771
E -2.825895177414513 22.592080451315454 150.2924079948195 5966.81
F 3625.1 2237.403 1.84983
E -2.81564556483717 23.39439338896923 150.33150820091626 5996.08
F 3618.4 2259.368 1.88352
E -2.805265745267608 24.213342949352562 150.33450709407018 6026.6
F 3611.25 2280.38 1.91387
E -2.795221894095778 25.007796061431932 150.31001342608494 6053.56
F 3603.15 2302.016 1.94409
E -2.784762701529668 25.841231880503344 150.2539541406417 6085.46
F 3594.76 2322.793 1.9651
E -2.774594258870837 26.65216858843772 150.19035225184572 6115.509999999999
F 3585.88 2343.446 1.98925
E -2.764383428183754 27.471166521672387 150.10324783274527 6145.2
F 3576.77 2363.342 2.01116
E -2.7544316833184608 28.27218731083662 150.0030447179689 6172.21
F 3566.94 2383.486 2.03826
E -2.744242028216442 29.097706229760686 149.8709894948537 6200.88
F 3556.56 2403.756 2.04982
E -2.73383823196777 29.940486411536472 149.7465768337981 6236.280000000001
F 3549.75 2416.636 2.06434
E -2.7271676377723413 30.478476400561313 149.6594216088664 6241.58
F 3538.56 2437.219 2.07278
E -2.7164087322598003 31.354438281356575 149.52497851549955 6282.83
F 3527.67 2456.572 2.09411
E -2.7062057051953463 32.188449633260355 149.37166300944452 6311.6900000000005
F 3515.9700000000003 2476.364 2.11519
E -2.6956260721875234 33.05655048076621 149.19652968588966 6345.14
F 3503.63 2496.024 2.14794
E -2.6849757774028435 33.93705747867127 148.97662947485878 6377.240000000001
F 3491.16 2514.587 2.17638
E -2.674718170211272 34.786696169654945 148.7413720845687 6405.370000000001
F 3477.7 2533.2799999999997 2.21354
E -2.664206011285385 35.663937623666925 148.45151920130422 6435.849999999999
F 3463.52 2551.187 2.26756
E -2.653931205429789 36.531546637591326 148.0861779514398 6464.97
F 3448.9 2568.009 2.305
E -2.643933538909823 37.37588546998328 147.70210961707585 6491.53
F 3433.25 2584.453 2.35792
E -2.633934749627091 38.23075535009627 147.23684778397384 6519.89
F 3417.2 2599.575 2.41393
E -2.6244161273275455 39.052277909881475 146.71833419872715 6545.48
F 3405.34 2609.678 2.4581
E -2.6177760726733474 39.62523664925559 146.32248843048868 6552.07
F 3388.5 2622.718 2.5074
E -2.6089167257993466 40.40114473331795 145.7241143539308 6574.03
F 3370.54 2635.082 2.56955
E -2.600193477686042 41.17877770167878 145.03426583740728 6599.339999999999
F 3351.55 2646.555 2.62709
E -2.5916020353541813 41.95498464920995 144.27234406872495 6625.7300000000005
F 3331.6800000000003 2656.971 2.69032
E -2.5833293766921064 42.71737424948719 143.43045679781284 6653.99
F 3310.6800000000003 2666.4210000000003 2.74696
E -2.575191572347907 43.48172590147594 142.51133117274892 6684.22
F 3290.29 2674.087 2.81707
E -2.568070090601562 44.17206410529662 141.56524556782136 6711.1
F 3268.45 2680.658 2.88168
E -2.561131425659466 44.866271812702756 140.51568472461952 6741.369999999999
F 3246.4700000000003 2685.761 2.94528
E -2.554833284964954 45.52101886540094 139.42082642652713 6770.320000000001
F 3224.85 2689.291 3.01426
E -2.5494137484278347 46.11662094834667 138.29933937769374 6797.42
F 3202.95 2691.364 3.08014
E -2.5446404446489996 46.67620065247971 137.1252066275543 6824.25
F 3179.94 2692.151 3.13467
E -2.5402084034743937 47.23192762736795 135.8640313423795 6854.2699999999995
F 3157.61 2691.488 -3.07533
E -2.536901574514652 47.71152545140524 134.58681339232277 6884.369999999999
F 3135.82 2689.447 -3.02096
E -2.5342375465713247 48.14965030391919 133.3154198718599 6909.06
F 3121.7 2687.483 -2.98595
E -2.5327284618670594 48.42316590206211 132.48138361302455 6913.5
F 3099.59 2683.41 -2.93281
E -2.5312126470451384 48.80402776510842 131.13896016784076 6940.820000000001
F 3077.84 2678.125 -2.87378
E -2.5306094777629418 49.12885111427625 129.78180145225016 6968.249999999999
F 3056.4300000000003 2671.612 -2.81877
E -2.530838012834876 49.404928583213916 128.4143801592623 6995.24
F 3035.7799999999997 2664.266 -2.78093
E -2.531585180855747 49.64810042548165 127.07574955175865 7020.02
F 3014.7 2655.7780000000002 -2.73641
E -2.533192488668888 49.8516167789491 125.68697746594435 7048.31
F 2994.346 2646.418 -2.68485
E -2.535723645470428 49.993594360331606 124.31850434643516 7075.1900000000005
F 2974.382 2636.085 -2.64309
E -2.538979939304019 50.09317093144643 122.95435830434354 7102.410000000001
F 2954.708 2624.931 -2.60865
E -2.5429175297257856 50.15585903817002 121.59477704302606 7130.96
F 2935.368 2613.077 -2.57474
E -2.547578729666444 50.17532360746569 120.2462760374977 7159.94
F 2916.945 2600.951 -2.5442
E -2.5527503501538678 50.15551458144889 118.95282408194464 7186.18
F 2898.261 2587.891 -2.51892
E -2.5586817055290996 50.10138347689856 117.63664978951397 7217.360000000001
F 2886.216 2579.147 -2.50845
E -2.5627319915478224 50.05662461802656 116.78828850466975 7223.5199999999995
F 2868.452 2565.985 -2.4994
E -2.569093452106257 49.97617925853299 115.54597139978085 7255.8
F 2850.274 2552.185 -2.48506
E -2.5761815864436532 49.862700090796864 114.28771211138688 7290.44
F 2832.337 2538.177 -2.47207
E -2.5837204541293617 49.723496681109175 113.05911673900397 7325.17
F 2814.541 2523.7129999999997 -2.44619
E -2.5920308387322253 49.53011233730427 111.852304276014 7357.01
F 2796.999 2508.7709999999997 -2.42591
E -2.600895022097508 49.29925848932175 110.67087743576916 7391.0199999999995
F 2780.214 2493.941 -2.41001
E -2.609944693522832 49.04257628719571 109.55352897608817 7422.53
F 2762.861 2477.991 -2.38659
E -2.620063507498336 48.72094439779319 108.41614075859343 7458.919999999999
F 2747.364 2462.983 -2.35788
E -2.6298591223651004 48.3711978208919 107.41297510716359 7483.099999999999
F 2731.7 2446.895 -2.32775
E -2.6405418501178324 47.95155636653484 106.4097657267745 7511.429999999999
F 2716.0060000000003 2429.88 -2.30392
E -2.651902347982191 47.473455611848046 105.4169389247757 7545.06
F 2701.418 2413.158 -2.27237
E -2.66318558108519 46.95266732109407 104.51156410385727 7571.82
F 2691.924 2401.672 -2.25072
E -2.670863632644046 46.57625121096653 103.92633363653765 7577.240000000001
F 2678.147 2383.811 -2.20487
E -2.682899374505569 45.9264509388728 103.0940885994891 7604.719999999999
F 2665.317 2365.734 -2.17126
E -2.6947999492368178 45.23694566841774 102.32174131919679 7631.1
F 2642.064 2328.776 -2.09352
E -2.719106293987442 43.71737170640862 101.00109608852621 8020.280000000001
F 2631.077 2308.743 -2.05138
E -2.731294317790809 42.82305644048869 100.36461446692613 8049.340000000001
F 2621.154 2288.824 -2.01452
E -2.742891951324598 41.91015345833852 99.79303100466743 8075.799999999999
F 2612.118 2268.469 -1.96265
E -2.754211734010684 40.94121460411581 99.28115101437803 8102.0599999999995
F 2606.418 2254.085 -1.9335
E -2.761807866712411 40.25384394996509 98.94719827893996 8108.160000000001
F 2599.13 2233.541 -1.88996
E -2.772188560424657 39.257005429921726 98.52404541367095 8132.14
F 2592.386 2211.758 -1.85206
E -2.7825651094627197 38.202291520607815 98.12356965874456 8161.28
F 2586.433 2189.326 -1.8084
E -2.7926011762298795 37.12056756970987 97.76366126175208 8192.18
F 2581.621 2168.06 -1.77824
E -2.801529904324607 36.11610255400186 97.45494926533398 8217.24
F 2577.264 2145.605 -1.74668
E -2.8103985993984306 35.084068215976075 97.16505625695247 8247.609999999999
F 2573.81 2122.982 -1.69789
E -2.8187591793426687 34.07660995119318 96.92055847050325 8276.73
F 2571.226 2100.007 -1.66773
E -2.826723137901935 33.10852133874791 96.69682422273068 8308.74
F 2569.281 2077.8777 -1.64919
E -2.8339565456565277 32.23923164670288 96.4986629069555 8338.39
F 2567.831 2055.974 -1.62461
E -2.8407249886649875 31.447455554023183 96.32532138112873 8365.16
F 2567.192 2041.7596 -1.60678
E -2.8449128412194233 30.972223752838 96.22141838387198 8369.78
F 2566.531 2019.4804 -1.59412
E -2.851222571678492 30.307617081794753 96.07006998448219 8401.77
F 2565.99 1996.47231 -1.59439
E -2.85741995587402 29.728382532376553 95.91847200622354 8444.72
F 2565.437 1973.1972 -1.59466
E -2.863374923888148 29.261584398975316 95.77160162836185 8489.73
F 2564.993 1950.6004 -1.58628
E -2.868872649422269 28.928841715864333 95.64132013402192 8525.36
F 2564.569 1927.8481 -1.59258
E -2.8741193408746333 28.721807746394077 95.50998774881701 8570.23
F 2564.148 1904.4365 -1.58492
E -2.879261841805385 28.649383566277777 95.38759259606195 8611.789999999999
F 2564.03 1882.127 -1.56728
E -2.8839520923497646 28.715708999081887 95.2852457449738 8642.24
F 2564.285 1859.995 -1.55129
E -2.8884227845072825 28.914425041182792 95.19388648719949 8672.199999999999
F 2564.79 1837.538 -1.5453
E -2.892764692744494 29.24932090832015 95.10534804311536 8708.01
F 2565.395 1814.734 -1.54323
E -2.8969837537484198 29.724263279960468 95.01919896770123 8748.17
F 2565.895 1799.365 -1.53332
E -2.8997433818992078 30.117172714450977 94.96639356997784 8755.28
F 2566.71 1777.3229999999999 -1.53443
E -2.903558970953734 30.783507776316696 94.89107254629093 8791.980000000001
F 2567.684 1754.673 -1.52127
E -2.90741744303845 31.590588615803515 94.82444152699802 8826.109999999999
F 2568.917 1732.584 -1.50883
E -2.9111079184799893 32.4872364607587 94.76613037970237 8857.199999999999
F 2570.284 1711.029 -1.50599
E -2.914591520941692 33.45631083866919 94.71058686897862 8889.06
F 2571.7309999999998 1688.461 -1.50761
E -2.9181155489293467 34.56375561705635 94.65329786988093 8929.91
F 2573.2690000000002 1664.877 -1.50375
E -2.9217390559324827 35.81691114400983 94.59835556764243 8975.15
F 2574.673 1641.8400000000001 -1.51613
E -2.9250278138370773 37.11853747689282 94.53943185558343 9027.24
F 2575.878 1619.155 -1.5193
E -2.928170108530225 38.473532088755356 94.48411151413508 9069.789999999999
F 2576.931 1597.269 -1.5262
E -2.931026390827357 39.840549424165324 94.42971259926952 9108.869999999999
F 2577.815 1575.19 -1.53534
E -2.9337101143950877 41.27315891159683 94.37359987548464 9150.74
F 2578.398 1552.442 -1.55503
E -2.936095140176818 42.79523520154227 94.31000924633969 9206.48
F 2578.55 1537.039 -1.56678
E -2.937548525943922 43.85069393953884 94.26625398848142 9217.73
F 2578.578 1514.859 -1.57231
E -2.939485599706909 45.409507702727645 94.20507741197349 9257.849999999999
F 2578.382 1492.234 -1.58661
E -2.941037570457117 47.03432216922421 94.13953759224455 9307.699999999999
F 2577.873 1469.3319999999999 -1.59944
E -2.9422067290322182 48.7136345265659 94.07242853893041 9358.7
F 2577.073 1447.44 -1.61517
E -2.9428123038889757 50.34527163012437 94.00634885202697 9403.960000000001
F 2575.931 1424.437 -1.62562
E -2.94298906348556 52.089851414706125 93.93821043427344 9454.09
F 2574.6549999999997 1402.2 -1.63058
E -2.9427393175391368 53.804368937255646 93.87502268049622 9494.51
F 2573.237 1379.488 -1.63578
E -2.9419479014973717 55.580336432269974 93.81266546727943 9538.65
F 2571.566 1356.377 -1.65012
E -2.94022722732144 57.40389927616796 93.74893251601088 9593.22
F 2569.7110000000002 1334.615 -1.66158
E -2.937780792750377 59.137908449527295 93.69118306551225 9634.810000000001
F 2567.435 1312.3020000000001 -1.68331
E -2.93390946777503 60.92201484075085 93.63219589299042 9689.61
F 2565.788 1297.5720000000001 -1.68105
E -2.9310317049693655 62.115020184164926 93.59788602057625 9696.630000000001
F 2563.099 1275.0030000000002 -1.69769
E -2.925057356036837 63.94256041875706 93.54773630127883 9749.35
F 2560.29 1252.313 -1.69023
E -2.9182196632680273 65.80817342369807 93.50820450974598 9787.13
F 2557.547 1229.297 -1.68864
E -2.909607008710364 67.71037335742895 93.47692410321157 9830.220000000001
F 2554.759 1206.022 -1.69138
E -2.898653031065626 69.63959128043284 93.45591113618367 9878.08
F 2552.078 1183.734 -1.68958
E -2.8858354517965497 71.49525311333657 93.44842846329699 9915.87
F 2549.319 1161.161 -1.69524
E -2.869367029676633 73.36924879751926 93.45653177219727 9960.189999999999
F 2546.567 1139.591 -1.70014
E -2.849605396513314 75.15354223187956 93.48366215548629 9996.95
F 2543.621 1117.181 -1.70294
E -2.8237993652803395 76.99594809101127 93.5384625572085 10038.4
F 2540.602 1095.232 -1.71203
E -2.791101139393027 78.76960069215636 93.62953597448958 10080.699999999999
F 2537.371 1072.464 -1.71141
E -2.7479109976586433 80.57920471882903 93.7748461309377 10123.0
F 2534.436 1051.478 -1.70818
E -2.696985449566213 82.19824150406349 93.97222511806163 10152.300000000001
F 2531.367 1028.867 -1.7032
E -2.626769832455299 83.86360239644827 94.28073076239087 10191.0
F 2528.366 1007.135 -1.71284
E -2.5401007198054164 85.31872066509561 94.72257336069046 10232.0
F 2525.0860000000002 984.0899999999999 -1.71157
E -2.429048940869805 86.68199268092522 95.39062922983591 10276.1
F 2523.057 969.3199999999999 -1.70307
E -0.7797433832290992 95.9469900724713 87.43663474787381 10282.5
F 2520.241 948.0 -1.70128
E -0.6643204919884349 96.9536024962355 88.33090604653592 10314.3
F 2517.218 925.71 -1.70979
E -0.5533660240698377 98.2622873027201 89.01215026072391 10358.7
F 2514.08 903.4000000000001 -1.71129
E -0.46033230114590395 99.78078268100447 89.49796314758319 10398.9
F 2510.81 881.0699999999999 -1.72122
E -0.38744840179661016 101.4650700540957 89.82104184943219 10444.8
F 2507.444 859.47 -1.7295
E -0.3331069083592498 103.20507986726231 90.03044756965281 10484.5
F 2503.58 836.8699999999999 -1.75084
E -0.29083035788558614 105.11416401508946 90.15465891127799 10543.4
F 2499.3559999999998 815.3 -1.7775
E -0.26110254302728114 106.99899366739716 90.20618246087294 10599.1
F 2494.493 793.51 -1.80322
E -0.23878543332877916 108.94940200443264 90.21140616838055 10656.9
F 2489.263 772.0699999999999 -1.81685
E -0.22165226766632048 110.90390639590773 90.19469799343938 10701.9
F 2483.553 750.25 -1.83656
E -0.20873654867054453 112.91972000768783 90.14908115663401 10755.9
F 2477.583 729.1199999999999 -1.85594
E -0.19946884596239292 114.8941650715801 90.08457599669602 10804.5
F 2470.963 707.4199999999998 -1.87769
E -0.19272545179388936 116.9443000320683 89.99817048145806 10861.7
F 2464.014 686.3199999999999 -1.90026
E -0.188360210281758 118.95671677915686 89.89677153893491 10915.4
F 2458.977 672.05 -1.91986
E -0.18642199683248362 120.32893910000776 89.81907600875563 10928.300000000001
F 2451.245 651.4000000000001 -1.93854
E -0.18481947902153062 122.3297467963419 89.69628224593748 10977.099999999999
F 2443.075 630.8199999999999 -1.95886
E -0.18445055958649348 124.33958761115802 89.56180521119009 11028.1
F 2434.447 610.29 -1.97847
E -0.18506504353371409 126.3602451076386 89.41743933001824 11079.5
F 2425.365 589.8000000000002 -1.99724
E -0.18649062826210103 128.3942864038065 89.26414296265501 11131.5
F 2415.984 569.5799999999999 -2.01317
E -0.1884745857413555 130.4172009893101 89.10664221097039 11179.9
F 2405.825 548.78 -2.03741
E -0.19146164076679636 132.5090467916499 88.9300428335011 11244.0
F 2395.257 528.3899999999999 -2.0603
E -0.19504933112432676 134.58010697255696 88.74606924960185 11304.9
F 2384.064 507.78 -2.07645
E -0.19899657461574374 136.69475436599217 88.555486158798 11363.7
F 2373.046 488.1400000000001 -2.0874
E -0.2029168766448829 138.72870927669715 88.37197079629742 11410.099999999999
F 2362.082 469.17999999999984 -2.103
E -0.20706914132795556 140.70240474760874 88.18799974055483 11455.2
F 2350.524 450.0799999999999 -2.12692
E -0.2118579260347009 142.70317980054156 87.98978619598016 11511.2
F 2338.576 431.3800000000001 -2.15166
E -0.21704733985197036 144.68129585072174 87.78406820691286 11566.9
F 2326.051 412.76 -2.17446
E -0.22260927633361607 146.6727790958802 87.56949167541813 11622.8
F 2317.532 400.6099999999999 -2.19021
E -0.22636668329284124 147.9877438360613 87.42521189172095 11633.699999999999
F 2304.487 382.77 -2.21375
E -0.23237171859900962 149.93188645486765 87.2016021876013 11687.400000000001
F 2290.785 364.6700000000001 -2.22382
E -0.2383936636617095 151.93490288572858 86.97537171581521 11734.5
F 2276.712 346.98 -2.26209
E -0.24523903426017452 153.89015727886746 86.72940385293465 11810.5
F 2261.562 328.8899999999999 -2.27354
E -0.2520956921346456 155.94536763827833 86.47925943347465 11866.400000000001
F 2246.925 311.8900000000001 -2.29018
E -0.2587575484040176 157.8901749171556 86.23724638826313 11916.599999999999
F 2231.464 294.65999999999985 -2.3137
E -0.2659165322914443 159.88117861753366 85.97993209969579 11980.0
F 2216.209 278.46000000000004 -2.33853
E -0.2730260775351541 161.7789911545255 85.72612216252385 12036.3
F 2200.478 262.3299999999999 -2.34876
E -0.2800527814181391 163.708631851156 85.47317624508094 12082.2
F 2184.83 246.59000000000015 -2.35779
E -0.28690717144532824 165.6117758702112 85.22534654147749 12124.699999999999
F 2169.154 231.28999999999996 -2.37896
E -0.29391367381688777 167.47200047116914 84.97410816351491 12174.5
F 2158.516 221.23000000000002 -2.38945
E -0.298546861029501 168.71731914240348 84.80652228101548 12183.5
F 2142.29 206.17000000000007 -2.39789
E -0.30549391517399915 170.60206863595585 84.55574597348554 12225.2
F 2125.912 191.3599999999999 -2.41478
E -0.3125581443846894 172.4699421859822 84.30183297155497 12272.7
F 2108.216 175.98000000000002 -2.43735
E -0.32025001548251214 174.43509283809675 84.02754540366251 12338.0
F 2091.0695 161.82999999999993 -2.4656
E -0.32779958205299314 176.27388417188942 83.7603591142929 12397.7
F 2074.0829 148.45000000000005 -2.48327
E -0.3351269968898313 178.05922368022084 83.50085545907346 12442.400000000001
F 2056.0475 134.66000000000008 -2.49438
E -0.34273774677516056 179.93639978295897 83.23131642084708 12490.3
F 2038.2676 121.55999999999995 -2.51922
E -0.3503833591620862 181.73538378763473 82.962884952014 12545.1
F 2020.9454 109.3599999999999 -2.53638
E -0.35771688000034907 183.45757054405829 82.70562139342087 12586.1
F 2002.91693 97.1400000000001 -2.55596
E -0.36534493315274585 185.21298619934322 82.43937010386423 12633.5
F 1984.6857 85.27999999999997 -2.57299
E -0.3729907806289226 186.95906740650415 82.17424848752945 12678.6
F 1965.2528 73.01999999999998 -2.58487
E -0.38099775118511925 188.80421373857192 81.8966963592528 12729.4
F 1946.9698 61.789999999999964 -2.59634
E -0.3884470939464171 190.525940797348 81.63985474806675 12768.3
F 1926.879 50.200000000000045 -2.64052
E -0.39706518299172033 192.3134512872148 81.34947113534332 12860.4
F 1907.1838 39.76999999999998 -2.66869
E -0.4054041979707426 194.01639075626076 81.06935375290672 12920.599999999999
F 1893.617 33.09999999999991 -2.70025
E -0.4112197603165761 195.14675972633802 80.87547321846654 12938.5
F 1872.691 23.6099999999999 -2.73156
E -0.4202486216654579 196.82911679669652 80.5797665734544 13009.3
F 1851.709 15.060000000000173 -2.77808
E -0.4295463998517848 198.4176730623626 80.28030279288552 13098.699999999999
F 1830.612 7.6400000000001 -2.82896
E -0.4390771442412807 199.91503678907674 79.97986037511 13192.000000000002
F 1809.141 1.3799999999998818 -2.88666
E -0.4490104158956671 201.3245718186621 79.67444246452163 13298.4
F 1786.665 -3.7799999999999727 -2.94525
E -0.4596136555700002 202.68844576693513 79.35675114685704 13416.6
F 1764.624 -7.569999999999936 -2.99752
E -0.47014015890657 203.9401132720945 79.04764511713972 13512.5
F 1742.287 -10.230000000000018 -3.04842
E -0.48096183129588943 205.1235576408647 78.73833945896278 13607.5
F 1719.875 -11.769999999999754 -3.09773
E -0.491970165816903 206.2319930004483 78.43318853051326 13699.300000000001
F 1696.597 -12.059999999999945 -3.16052
E -0.5037083366433925 207.2592897492057 78.12097549733237 13830.7
F 1674.626 -11.019999999999754 -3.2166
E -0.5149804078255176 208.14608904978732 77.83190613930772 13928.9
F 1652.145 -8.669999999999845 -3.27556
E -0.5267729421464288 208.95349667771472 77.54248013931638 14041.300000000001
F 1630.1100000000001 -5.100000000000136 -3.32817
E -0.5385494176321649 209.67008520228148 77.26613340440954 14137.3
F 1615.445 -2.099999999999909 -3.35941
E -0.5464542120551507 210.13537771826176 77.08581601827568 14154.5
F 1593.396 3.2200000000000273 -3.39743
E -0.5585245887480833 210.7707903335006 76.8236548348979 14231.099999999999
F 1571.914 9.559999999999945 -3.45939
E -0.5706220581669121 211.26130838275918 76.57975960007136 14346.999999999998
F 1550.775 17.180000000000064 -3.51593
E -0.5828461345335075 211.6594089866283 76.34981720627245 14452.499999999998
F 1531.328 25.40000000000009 -3.56691
E -0.5943875175934584 211.9560614715007 76.14740970965074 14531.199999999999
F 1511.064 35.289999999999964 -3.62402
E -0.6067769083593144 212.16245659849386 75.94993094198449 14638.9
F 1473.518 57.1099999999999 -3.71237
E -0.6307514662935373 212.180655913755 75.68599114769326 15837.000000000002
F 1455.0320000000002 69.77999999999997 -3.77209
E -0.6431165413390793 212.12696624909665 75.57876811614896 15948.2
F 1437.4099999999999 83.29999999999995 -3.8202
E -0.655362943977867 212.00574945250202 75.50008078858548 16034.9
F 1421.3829999999998 96.96000000000004 -3.87452
E -0.6669367225495391 211.79358307498308 75.45116412793269 16118.5
F 1404.574 112.94000000000005 -3.92886
E -0.6796238540656028 211.46077016127214 75.42839440689191 16229.6
F 1389.2469999999998 129.11000000000013 -3.97864
E -0.6917506555906175 211.06248614807964 75.43624421318769 16320.000000000002
F 1379.4189999999999 140.46000000000004 -4.01847
E -0.6998869098877548 210.75714476488528 75.45611923862235 16342.2
F 1365.1399999999999 158.54999999999995 -4.07022
E -0.7122537012878922 210.18080537444138 75.51442943008433 16446.2
F 1352.201 176.94000000000005 -4.12799
E -0.7241582362932727 209.51255022849057 75.60086835978942 16554.4
F 1339.911 196.87000000000012 -4.19197
E -0.736336829661181 208.69393645342595 75.72080881483917 16691.0
F 1329.152 216.83999999999992 -4.24448
E -0.747980226141045 207.82803193101975 75.86639007939579 16791.4
F 1319.591 237.07999999999993 -4.29758
E -0.7592663468329142 206.8887991654579 76.035680965418 16889.100000000002
F 1311.0169999999998 258.24 -4.35714
E -0.7704834655555781 205.82718626236436 76.23365001964663 17006.0
F 1303.484 280.21000000000004 -4.40718
E -0.7816891643286108 204.68047267741363 76.46112806224178 17109.2
F 1297.125 301.80999999999995 -4.44483
E -2.363214643298665 76.70755140809896 203.53317065523706 17183.300000000003
F 1291.6979999999999 324.10000000000014 -4.50223
E -2.373735114832378 76.97751439871804 202.25889912929702 17297.199999999997
F 1287.5149999999999 345.6600000000001 -4.53929
E -2.3836914999121697 77.25942592486071 201.01363412903353 17364.8
F 1284.192 368.49 -4.59649
E -2.3936657606710448 77.56950373473848 199.60604221903301 17480.3
F 1282.1 390.3499999999999 -4.63749
E -2.402958441226728 77.88280359166772 198.2341264886087 17553.1
F 1281.231 405.7900000000002 -4.67482
E -2.4093228595895093 78.11177126051426 197.24008515143444 17575.8
F 1280.848 427.75 -4.71508
E -2.4180412367096435 78.44733031576597 195.78002034510342 17647.7
F 1281.6039999999998 450.8000000000002 -4.77529
E -2.4265342221238138 78.80174444544961 194.15865953480943 17769.6
F 1283.6689999999999 473.0 -4.83495
E -2.434172481736968 79.14498172595101 192.52836639726334 17879.100000000002
F 1286.8980000000001 495.01 -4.88114
E -2.441407999549636 79.49292312474927 190.8695239504796 17963.0
F 1291.094 516.26 -4.93354
E -2.447866231596589 79.82730973678645 189.20623832259645 18050.4
F 1296.501 538.1700000000001 -4.97514
E -2.4541784250033416 80.17820930468379 187.4514730608813 18130.9
F 1302.684 559.6500000000001 -5.0103
E -2.4600481852285854 80.52820486964698 185.6997798072797 18199.899999999998
F 1309.594 581.0900000000001 -5.03805
E -2.465654368657567 80.88635448833874 183.93123078364587 18261.9
F 1317.2359999999999 602.4499999999998 -5.07385
E -2.470763545783001 81.2415442279514 182.13212646718264 18335.399999999998
F 1325.393 623.4200000000001 -5.09279
E -2.475660447559207 81.60463834380157 180.36208859063856 18388.2
F 1334.108 644.45 -5.11786
E -2.48017944556973 81.9715922647107 178.56975685033572 18449.399999999998
F 1343.5749999999998 665.6200000000001 -5.148
E -2.484249180465321 82.33945594309252 176.74024441251498 18521.0
F 1353.323 685.9599999999998 -5.1703
E -2.487865085821211 82.69956211978685 174.97223329773072 18577.5
F 1362.954 705.3700000000001 -5.17568
E -2.4912791972450585 83.06175043103227 173.30275709097333 18614.0
F 1369.87 719.1499999999999 -5.17958
E -2.493612260666067 83.3262314516676 172.1291351051969 18623.4
F 1380.2649999999999 739.6600000000001 -5.18328
E -2.4969190577270606 83.73471037556673 170.4009925978131 18668.399999999998
F 1390.29 759.51 -5.17693
E -2.5001339358570367 84.15561021730758 168.76798650500217 18702.6
F 1400.5 780.1199999999999 -5.16771
E -2.5034449179275278 84.61926028140529 167.11936090539535 18740.5
F 1410.1280000000002 800.1600000000001 -5.15291
E -2.5067158329816013 85.10186680312648 165.57044502755593 18771.399999999998
F 1419.448 820.03 -5.14892
E -2.5097290569109814 85.59613274902448 164.06919899363007 18804.899999999998
F 1429.115 841.1299999999999 -5.13521
E -2.5129660493066766 86.15942729971698 162.53108344985824 18842.2
F 1438.312 862.0699999999999 -5.11732
E -2.516208756843551 86.75688896689982 161.06502480919008 18875.9
F 1447.159 883.2 -5.10059
E -2.5194273127954845 87.39685443282579 159.64394706736445 18910.2
F 1455.415 904.05 -5.0781
E -2.5226742938244398 88.07440275442833 158.3063472494099 18940.0
F 1463.2640000000001 925.21 -5.05692
E -2.525950739052913 88.80488489425392 157.01016661005843 18971.0
F 1470.6390000000001 946.6200000000001 -5.0314
E -2.52934133525702 89.59567161120843 155.76686306315761 19001.199999999997
F 1477.381 967.76 -5.01077
E -2.532600609346007 90.41936436058477 154.5947558898031 19030.2
F 1484.018 990.11 -4.99137
E -2.53594174931368 91.3392707903838 153.41296428751042 19066.2
F 1489.866 1011.293 -4.97223
E -2.538993720008625 92.25870617366623 152.34576178929666 19094.3
F 1493.576 1025.529 -4.96237
E -2.540855477602413 92.8941376205883 151.64952751567412 19100.3
F 1499.044 1047.6979999999999 -4.94607
E -2.5437003454368674 93.93480450058209 150.61225880862892 19134.300000000003
F 1504.076 1069.908 -4.92428
E -2.5464765957913382 95.03723710241233 149.62995543653636 19166.2
F 1508.3609999999999 1091.319 -4.89551
E -2.549219351320256 96.16444335612636 148.74340265708042 19191.6
F 1512.115 1112.587 -4.8787
E -2.5516245389685492 97.32557460113675 147.9007522920643 19218.5
F 1515.583 1135.112 -4.85163
E -2.554239932496988 98.62615297339514 147.06693017013873 19249.2
F 1518.495 1157.2620000000002 -4.83455
E -2.556447517412283 99.95282310325305 146.28510913175612 19280.0
F 1520.913 1179.3000000000002 -4.80879
E -2.558655056489168 101.34106123117114 145.55922955463876 19307.7
F 1522.745 1202.5140000000001 -4.77352
E -2.561260461247382 102.88730472695053 144.85787008659082 19339.8
F 1523.875 1225.6970000000001 -4.74869
E -2.563651815320661 104.49191514124009 144.19861188692448 19373.5
F 1524.4279999999999 1248.3600000000001 -4.72487
E -2.565890763189624 106.12519289092248 143.59576398301064 19404.399999999998
F 1524.376 1271.728 -4.69546
E -2.568391134568765 107.88667631688988 143.02330255344629 19438.0
F 1523.747 1294.1190000000001 -4.67314
E -2.570640966171207 109.6337028582039 142.5080741487971 19467.6
F 1522.714 1315.9470000000001 -4.65701
E -2.5725215934862438 111.38703219343022 142.0307327980101 19496.0
F 1521.791 1330.741 -4.64321
E -2.573653300352627 112.6039597146603 141.72208104801157 19501.8
F 1519.94 1354.119 -4.62349
E -2.5756065200911324 114.58824442499098 141.26653616337637 19538.600000000002
F 1517.718 1376.424 -4.60276
E -2.5774923833323684 116.54192189110046 140.86191977226719 19568.7
F 1515.017 1399.0010000000002 -4.58382
E -2.579367206951185 118.57665516417426 140.47838570426592 19601.3
F 1511.87 1421.6689999999999 -4.56508
E -2.5813040919972927 120.67749351805156 140.11902996452918 19634.8
F 1508.37 1443.9 -4.54743
E -2.5832827470731545 122.79233253564988 139.78963863768436 19666.4
F 1504.413 1466.652 -4.53291
E -2.5851914845593473 125.00799771936448 139.47186277595694 19702.7
F 1500.294 1488.3490000000002 -4.51664
E -2.587346295276194 127.17165263507687 139.18933423960095 19732.3
F 1495.8609999999999 1510.451 -4.51233
E -2.5879305600033513 129.40890556683027 138.90764975333505 19769.4
F 1491.631 1531.892 -4.52283
E -2.5825205562197002 131.59021864198925 138.62941375391247 19810.5
F 1487.6219999999998 1554.087 -4.54455
E -2.557740942770064 133.83971410004955 138.33557362304535 19866.4
F 1483.969 1576.243 -4.55345
E -2.456354592805848 136.07609965441176 138.07785884363432 19910.7
F 1481.7640000000001 1590.814 -4.57093
E -0.3952024662437542 138.1186235342582 137.32860529766498 19921.9
F 1478.826 1613.762 -4.59921
E 0.3138078830752406 140.06446698004206 137.38429709976575 19990.5
F 1476.568 1636.469 -4.62728
E 0.37579663166663624 142.35327982603985 137.0563523619726 20055.7
F 1475.002 1658.612 -4.65636
E 0.38837812024476087 144.59627156130088 136.7012006186139 20116.0
F 1473.953 1681.434 -4.67654
E 0.3905141455987406 146.91875697184105 136.3271024039208 20173.0
F 1473.365 1704.3890000000001 -4.69697
E 0.3877491538698095 149.25932980262874 135.94062110668062 20231.399999999998
F 1473.324 1726.537 -4.72417
E 0.3818295177506734 151.51138942447616 135.54924889007955 20289.199999999997
F 1473.6570000000002 1749.56 -4.72949
E 0.3765415209093212 153.88236296767514 135.15738369576664 20335.5
F 1474.1399999999999 1771.955 -4.73846
E 0.3708625835263809 156.20066819666079 134.77555881878834 20379.5
F 1474.647 1793.484 -4.73336
E 0.3663837927072562 158.46167952607468 134.42766129698012 20410.0
F 1475.112 1814.926 -4.73472
E 0.3617711222636341 160.72849744949258 134.08523448772596 20443.0
F 1475.667 1837.123 -4.74007
E 0.35675857152903995 163.08817999668406 133.73236536220088 20483.100000000002
F 1476.173 1858.423 -4.73217
E 0.35275430926288515 165.38445379417993 133.413576682438 20511.3
F 1476.674 1880.21 -4.73858
E 0.34813784487543714 167.7387587488636 133.08346558979645 20549.2
F 1477.261 1903.1118999999999 -4.73763
E 0.3436147547048167 170.2383540146642 132.74864527511332 20590.7
F 1477.665 1918.3336 -4.7402
E 0.3405484736304426 171.9069507254531 132.52811132841455 20599.4
F 1478.313 1940.4033 -4.74328
E 0.33608012954988464 174.3392141280389 132.21171815394354 20637.3
F 1478.9499999999998 1963.0808 -4.73766
E 0.33196630869736005 176.8659798498413 131.90271100987854 20674.8
F 1479.43 1985.0491 -4.73082
E 0.32829255383223965 179.33698187243215 131.61590683837173 20707.2
F 1479.659 2007.13074 -4.71476
E 0.3252949999089644 181.85464174365825 131.35063485299835 20736.8
F 1479.577 2028.9541 -4.70245
E 0.32263455407640534 184.36659440076087 131.10247468703758 20766.2
F 1479.3029999999999 2051.6707 -4.69825
E 0.3198442775959229 186.9975263248563 130.8500101199258 20804.600000000002
F 1478.9099999999999 2074.0514 -4.69135
E 0.31731744128811407 189.61146401133368 130.61352424415594 20839.5
F 1478.274 2096.7864 -4.67753
E 0.31519847023715514 192.2965094562205 130.39191865661653 20873.8
F 1477.292 2119.827 -4.66202
E 0.3134431042374114 195.0461581211644 130.18523803478539 20909.600000000002
F 1475.9859999999999 2143.02 -4.6503
E 0.3118630302019409 197.83794993960592 129.98940558250882 20947.9
F 1474.4589999999998 2165.803 -4.64064
E 0.310456176665814 200.60155955243624 129.8076049587634 20984.5
F 1472.821 2187.941 -4.63645
E 0.30905442852704523 203.30223130298197 129.63526814578205 21019.5
F 1470.8890000000001 2210.101 -4.61438
E 0.3083031114261632 206.03956521764144 129.48860013501297 21048.3
F 1469.289 2225.5969999999998 -4.60457
E 0.3077787098925556 207.96472370651324 129.38923329888624 21055.8
F 1466.6689999999999 2248.471 -4.59215
E 0.3072464381360938 210.82901519301623 129.25527591840472 21092.5
F 1463.888 2270.604 -4.58261
E 0.3068162686863334 213.61954045748857 129.13362046628833 21125.8
F 1460.949 2293.0 -4.58121
E 0.3062405447564467 216.4551697832254 129.01069519274392 21164.7
F 1457.8670000000002 2314.953 -4.56467
E 0.30608917360491344 219.26031394297522 128.90855180952093 21194.7
F 1454.341 2337.661 -4.55203
E 0.306063151392471 222.18356062995258 128.81174397467095 21231.0
F 1450.52 2360.816 -4.54561
E 0.30601174535946896 225.1814996991669 128.71671295225846 21273.600000000002
F 1446.445 2383.605 -4.52531
E 0.30641020907260524 228.16006511720838 128.64285711111688 21308.3
F 1442.1100000000001 2405.962 -4.51635
E 0.3067666747477888 231.10081947836596 128.57336907940038 21344.8
F 1437.702 2427.27 -4.5005
E 0.3073659427528403 233.925232623068 128.51959205601116 21372.7
F 1432.827 2449.312 -4.4889
E 0.30806492838928295 236.86687548870083 128.470554199086 21406.9
F 1427.721 2471.279 -4.47916
E 0.3088301667924856 239.81723698019806 128.4269942308996 21441.6
F 1422.388 2493.285 -4.47006
E 0.3096586647359893 242.7899058850227 128.38910234261246 21477.2
F 1416.766 2515.663 -4.4624
E 0.31053412288495347 245.82926988591308 128.3548599288664 21516.3
F 1411.1970000000001 2537.8940000000002 -4.47154
E 0.31102514766727063 248.8535710043244 128.30978216174978 21564.5
F 1407.732 2552.045 -4.47289
E 0.31132628853349265 250.78053280046177 128.2825957342481 21571.6
F 1402.611 2573.339 -4.47986
E 0.3115826367062707 253.68165693459346 128.23617638918913 21610.6
F 1397.568 2595.247 -4.49246
E 0.3115515781748833 256.6630536600042 128.1806416192468 21658.0
F 1392.9430000000002 2616.551 -4.50481
E 0.31130318357670217 259.5576842289627 128.12067966451818 21699.9
F 1388.579 2638.012 -4.5187
E 0.3108077252254233 262.4676463380707 128.05363964274284 21743.7
F 1384.526 2659.117 -4.52663
E 0.3102349255828435 265.32784067593514 127.98647179387973 21780.6
F 1380.5819999999999 2680.429 -4.5322
E 0.30957956197993725 268.21752832476614 127.91738544604979 21817.2
F 1376.62 2702.9210000000003 -4.54382
E 0.3086638511716124 271.2628478638282 127.83805133373085 21866.7
F 1372.954 2725.11 -4.55345
E 0.3076370353836504 274.26509349996996 127.7566377432216 21911.8
F 1369.771 2746.045 -4.56955
E 0.3064176671990653 277.08896974410646 127.671856124009 21952.0
F 1366.726 2768.107 -4.58094
E 0.3050212905940345 280.060429553762 127.57999764133207 21996.7
F 1363.903 2790.5860000000002 -4.59397
E 0.30342801051038515 283.08236352697367 127.48088272357668 22045.8
F 1362.19 2805.267 -4.59852
E 0.3023948369890179 285.0569718138856 127.41712137816343 22053.9
F 1359.747 2827.511 -4.60751
E 0.3007037548063958 288.04589668145525 127.31638309729196 22097.7
F 1357.625 2848.7799999999997 -4.61832
E 0.2989645383890468 290.89968592142384 127.21703003457108 22135.6
F 1355.598 2871.617 -4.62941
E 0.2969818218007701 293.95993397843654 127.10647983243506 22185.399999999998
F 1353.852 2893.9 -4.63903
E 0.2949683087287858 296.943726095704 126.99654929327612 22229.5
F 1352.0459999999998 2916.235 -4.62437
E 0.2933153559549738 299.9591197466379 126.90124696322785 22261.5
F 1350.0839999999998 2937.674 -4.61783
E 0.2917786753941572 302.8633560279513 126.81241096787967 22291.3
F 1347.8310000000001 2961.083 -4.61512
E 0.2901336093189748 306.0425138366268 126.71732211721515 22336.4
F 1345.525 2983.28 -4.60256
E 0.28880175188416346 309.07511301373466 126.63717667236251 22368.6
F 1342.976 3005.91 -4.59784
E 0.28746997751361264 312.1752608522869 126.55712746347645 22407.0
F 1340.187 3028.67 -4.5832
E 0.28637942145528494 315.31441450259564 126.48683728706828 22442.300000000003
F 1337.2359999999999 3050.82 -4.57663
E 0.2853561190522513 318.3785075704674 126.42082865256762 22477.0
F 1334.04 3073.74 -4.57099
E 0.28436771643549097 321.5594205247224 126.35600132880413 22517.6
F 1330.774 3096.0299999999997 -4.56287
E 0.2835194045057245 324.66616459166096 126.29798719433552 22552.9
F 1327.406 3118.67 -4.56648
E 0.28255484971966277 327.82359611953757 126.23585000804768 22597.0
F 1325.287 3133.05 -4.56579
E 0.28196548376253766 329.8325058022148 126.19753609414069 22603.699999999997
F 1321.8980000000001 3155.3599999999997 -4.55735
E 0.28119808567926874 332.95795177357513 126.14437106246804 22639.0
F 1318.346 3177.3 -4.54644
E 0.2805753986529836 336.0474313043663 126.09846911734185 22671.3
F 1314.498 3199.2 -4.53054
E 0.2801502824967278 339.1485730426185 126.06048311487487 22701.9
F 1310.268 3221.2 -4.51436
E 0.2798943766361073 342.28175666598275 126.0301513672381 22733.4
F 1305.341 3244.3 -4.49009
E 0.279932335504518 345.5954454197149 126.01106342360916 22769.800000000003
F 1299.9810000000002 3266.25 -4.4558
E 0.28036982839568897 348.774031378917 126.00902759603468 22798.3
F 1293.8539999999998 3287.85 -4.41603
E 0.2812235036716942 351.9341791615795 126.0243370856013 22825.5
F 1286.9540000000002 3309.3900000000003 -4.38887
E 0.28227175619176975 355.1188099840066 126.04733553527838 22855.3
F 1279.774 3330.2200000000003 -4.372
E 0.2833758987411545 358.22369277299725 126.07412873415883 22884.399999999998
F 1271.743 3351.6800000000003 -4.33656
E 0.28494761884693165 361.44519012791824 126.11928692072844 22914.399999999998
F 1263.005 3372.59 -4.29641
E 0.2868824927681547 364.61757899450845 126.17932115914795 22942.6
F 1253.383 3393.42 -4.26297
E 0.28908966455502194 367.82039389091517 126.25077361320201 22973.1
F 1243.463 3413.13 -4.22948
E 0.2914797460463971 370.88488417804285 126.33013373000027 22999.0
F 1236.212 3426.59 -4.20697
E 0.29321085571278427 373.00436580009944 126.38846107958423 23005.0
F 1225.222 3445.88 -4.18205
E 0.29592175573534646 376.06624142126003 126.48154831154851 23033.0
F 1213.5590000000002 3465.13 -4.15332
E 0.2988949473838697 379.15105529944293 126.58505940796792 23061.8
F 1201.635 3483.6400000000003 -4.12686
E 0.30196647187975273 382.153179629228 126.69312254132424 23088.600000000002
F 1188.74 3502.52 -4.09927
E 0.3053473509614617 385.249002020503 126.81366819947488 23119.600000000002
F 1175.874 3520.17 -4.06561
E 0.30882436265883234 388.1753508428034 126.93894988562985 23144.4
F 1162.0430000000001 3537.9300000000003 -4.03584
E 0.31258163760573526 391.16705595255934 127.07530970809125 23173.1
F 1147.352 3555.58 -4.00088
E 0.3166655216983458 394.1793235514323 127.22445081247275 23203.5
F 1132.371 3572.42 -3.97004
E 0.3208367161497905 397.10761531484314 127.37794887247382 23232.2
F 1116.897 3588.7799999999997 -3.93948
E 0.32517903821742267 399.99781186261123 127.5380355232237 23260.8
F 1101.1680000000001 3604.3199999999997 -3.9024
E 0.3296818660632088 402.7859599043132 127.70579667329513 23286.5
F 1085.238 3619.0299999999997 -3.87197
E 0.33422713641127405 405.48947959595944 127.87565028963884 23310.9
F 1068.125 3633.7799999999997 -3.83406
E 0.3392036272715262 408.2467239935278 128.06253296164462 23339.0
F 1049.672 3648.35 -3.78573
E 0.3447059216034444 411.0278466004522 128.27006400168005 23371.4
F 1036.9679999999998 3657.6400000000003 -3.76025
E 0.3484101125822647 412.8794167253559 128.41023029544763 23378.1
F 1018.208 3670.47 -3.72271
E 0.35399666239874544 415.47975530547893 128.6229875694828 23406.9
F 999.7499999999999 3682.05 -3.68064
E 0.3595666379745766 417.8972936902108 128.83459134253374 23430.8
F 979.4000000000001 3693.59 -3.63448
E 0.36578181542548793 420.40158253427336 129.0724966934416 23462.6
F 958.24 3704.32 -3.58722
E 0.37231216416197677 422.8464458336445 129.3235602891241 23496.3
F 937.3700000000001 3713.79 -3.54779
E 0.37875470710149706 425.1410877031432 129.57143028688168 23525.899999999998
F 916.1399999999999 3722.19 -3.48939
E 0.3854784411679966 427.2783878301117 129.83134942416896 23555.4
F 895.26 3729.1099999999997 -3.43353
E 0.3921587323576566 429.21962646130555 130.09078468676134 23580.699999999997
F 873.9200000000001 3735.08 -3.39525
E 0.3989690707839535 431.11811870233373 130.35592708642167 23606.6
F 851.9300000000001 3740.16 -3.34201
E 0.4061190700075021 432.9065177680918 130.63440157135042 23634.3
F 829.06 3744.1899999999996 -3.29021
E 0.41363821946487117 434.62341327788613 130.92856308185682 23665.3
F 807.3199999999999 3746.99 -3.24923
E 0.4208149832437048 436.1671750090728 131.21050051198208 23689.8
F 784.22 3748.99 -3.2063
E 0.4285231069891584 437.6923172734696 131.51363199220236 23720.7
F 769.6000000000001 3749.75 -3.18053
E 0.43340136286332165 438.6337381347402 131.70475986062212 23725.6
F 747.26 3749.99 -3.12427
E 0.4410334808585123 439.8787849584316 132.00626706143123 23752.5
F 725.01 3749.0699999999997 -3.07661
E 0.4487211336472885 441.01211935932116 132.31028145310506 23778.6
F 702.24 3746.98 -3.02357
E 0.4567205059990533 442.02634697263767 132.62770669066597 23807.800000000003
F 680.75 3743.9 -2.9746
E 0.46437986118315605 442.8704502343008 132.93255549062354 23831.4
F 659.0800000000002 3739.75 -2.93058
E 0.47221730617478935 443.6221915191543 133.2443289290123 23856.6
F 636.8400000000001 3734.43 -2.88241
E 0.4803961306060765 444.26484869846956 133.57112042251475 23885.7
F 615.3200000000002 3728.11 -2.82965
E 0.48846504955359865 444.7436785935022 133.8945867132784 23912.7
F 594.51 3720.8900000000003 -2.78595
E 0.49641183110444614 445.11369457174914 134.21325904949785 23937.7
F 572.4199999999998 3712.16 -2.74414
E 0.5050028485911633 445.4003385038894 134.55830877586388 23971.8
F 551.98 3702.9700000000003 -2.69432
E 0.513119579732449 445.52186213718903 134.88502644034108 23998.600000000002
F 532.51 3693.13 -2.6533
E 0.521026977969284 445.54859260378106 135.20374117896995 24022.7
F 513.02 3682.0 -2.59156
E 0.5291385729544696 445.36574906059883 135.53209790928406 24050.8
F 493.69000000000005 3669.41 -2.53675
E 0.5374503556805909 445.03218094972715 135.86889974946172 24081.1
F 475.3799999999999 3656.12 -2.49068
E 0.5455752531608421 444.5949537523598 136.1995855277726 24108.9
F 463.1400000000001 3646.38 -2.44974
E 0.5511698726083751 444.220696800739 136.42680284264492 24115.5
F 445.95000000000005 3631.56 -2.40959
E 0.5592469038360819 443.5699803625837 136.75588660506398 24143.899999999998
F 429.5 3615.8999999999996 -2.35228
E 0.5672279616647935 442.73122303180435 137.0826909305573 24172.7
F 414.48 3599.99 -2.30216
E 0.5748427362526096 441.8036566338234 137.39406459153415 24197.0
F 399.77 3582.5699999999997 -2.24248
E 0.5826413402612136 440.65701555866383 137.71490347428443 24226.5
F 386.48 3565.14 -2.20136
E 0.5900883928873809 439.4814817304099 138.02038695802653 24251.100000000002
F 373.5 3546.4 -2.15255
E 0.5977026154641336 438.12073974833 138.33516328965712 24279.800000000003
F 361.8499999999999 3527.7 -2.10321
E 0.6049326677072822 436.6827990923186 138.63416958635304 24304.8
F 351.54999999999995 3509.3900000000003 -2.06297
E 0.6117488338608905 435.23234265608585 138.9161902230817 24325.5
F 341.1299999999999 3488.79 -2.01532
E 0.6190746751953663 433.50820956526155 139.22008561813655 24355.7
F 331.8799999999999 3468.6 -1.98528
E 0.6260878614319353 431.8115005934724 139.51246523237123 24382.8
F 323.0999999999999 3447.42 -1.94234
E 0.6331577433887311 429.9402706308502 139.806879980462 24412.2
F 315.29999999999995 3426.35 -1.90842
E 0.6400053611561377 428.0464404690819 140.09262936267814 24440.100000000002
F 310.52 3412.1 -1.88024
E 0.6445368180814557 426.74465226820035 140.2825782500904 24445.5
F 304.27 3390.91 -1.83504
E 0.6509667022429287 424.7091383045843 140.55265148896143 24470.8
F 299.09000000000015 3369.42 -1.78003
E 0.6571283574052121 422.5410458855622 140.81216049026173 24496.5
F 294.73 3346.4 -1.73607
E 0.6634870126872817 420.1645356448667 141.08211433889687 24528.600000000002
F 291.53999999999996 3324.4 -1.69342
E 0.6693311029289535 417.8276489343117 141.33030738672278 24554.6
F 288.06999999999994 3280.29 -1.60514
E 0.679672744052792 412.76237346833966 141.77525541780165 24962.0
F 287.7099999999998 3258.11 -1.5684
E 0.6848806992115593 410.2113887290747 141.99829772558527 24988.1
F 288.24 3236.32 -1.52462
E 0.6897225783262131 407.62691779515046 142.20863507124193 25012.1
F 289.96000000000004 3212.54 -1.47254
E 0.6946291322961771 404.70435686256496 142.42290383382038 25046.4
F 292.8399999999999 3189.17 -1.42406
E 0.6991559306529951 401.74488116096285 142.62275576135755 25079.1
F 296.76 3166.34 -1.37739
E 0.7032820701902657 398.7703588901398 142.8072157512676 25109.6
F 301.56999999999994 3144.02 -1.33953
E 0.7071197049695865 395.79785362229717 142.98062479924548 25138.899999999998
F 307.33000000000015 3121.67 -1.29776
E 0.7106653548613167 392.740283457969 143.14352849274795 25169.200000000004
F 311.60000000000014 3106.99 -1.27716
E 0.7129826468285154 390.7108295568805 143.25064630560738 25175.3
F 318.74 3085.23 -1.23098
E 0.715950358887029 387.6062824495192 143.39096835457775 25204.500000000004
F 326.8399999999999 3063.95 -1.18314
E 0.7184838362178313 384.47575297515573 143.51444308565962 25233.100000000002
F 335.4100000000001 3044.19 -1.13924
E 0.7205297227017577 381.48473190821 143.6178934566344 25255.899999999998
F 345.24 3024.02 -1.09571
E 0.7222677973772748 378.3415496161248 143.70967898533976 25282.8
F 355.79999999999995 3004.35 -1.06084
E 0.7237182532603992 375.2001847095343 143.79054695608943 25309.8
F 367.08000000000015 2984.853 -1.03156
E 0.7249321244217952 372.0218645628045 143.8625465060809 25338.699999999997
F 378.46000000000004 2966.193 -1.01464
E 0.7260160815668891 368.9386797259121 143.92932502482202 25366.899999999998
F 390.23 2947.363 -1.00948
E 0.7271352126448075 365.813391124243 143.9984821940204 25401.4
F 402.28999999999996 2928.4449999999997 -0.9975
E 0.7281157069524735 362.6563184036468 144.062815195014 25434.5
F 414.93000000000006 2908.87 -0.997671
E 0.7292117031355487 359.3876070008687 144.13413174605503 25479.600000000002
F 426.78 2890.654 -0.990479
E 0.7301281034134496 356.34175558353996 144.19692516708068 25510.4
F 439.6199999999999 2870.9120000000003 -0.997681
E 0.731289800963872 353.05686647796165 144.2731750283564 25562.4
F 451.70000000000005 2852.45 -0.98541
E 0.7321513735492893 349.9779030545089 144.33595315640792 25593.2
F 459.8800000000001 2840.114 -0.98522
E 0.7327717966986309 347.91817268438734 144.3805565717102 25600.5
F 472.49 2821.175 -0.981025
E 0.7336617292019093 344.75608250780806 144.44737302515898 25639.2
F 484.78999999999996 2802.89 -0.976374
E 0.73447265452054 341.70079136685905 144.51079260478187 25672.899999999998
F 498.02 2783.419 -0.971663
E 0.7352823557284581 338.4448172749363 144.57768036503748 25716.899999999998
F 510.69000000000005 2764.99 -0.965665
E 0.7359742645705889 335.3588930173127 144.63925080766498 25752.1
F 523.4000000000001 2746.651 -0.963351
E 0.7366555436941684 332.2885275615369 144.70119021965837 25788.699999999997
F 536.3500000000001 2728.005 -0.964548
E 0.7373787033625449 329.1768946232387 144.76695771549953 25829.9
F 549.1299999999999 2709.538 -0.965987
E 0.7381062752420918 326.10916890721467 144.834422547424 25869.5
F 562.1100000000001 2691.0730000000003 -0.950621
E 0.7385461870513927 323.02884974782893 144.89086317154224 25902.199999999997
F 574.8 2673.551 -0.936896
E 0.7388042525958066 320.0819246967192 144.9395097357645 25930.199999999997
F 588.3899999999999 2655.41 -0.91902
E 0.7388102699631676 317.0011989862672 144.98082577109653 25962.7
F 601.9399999999998 2637.938 -0.902954
E 0.7386053026200654 314.0038533744694 145.01372371601505 25992.5
F 611.45 2626.091 -0.886194
E 0.7383031119024845 311.9498474266195 145.03031645317753 25998.6
F 625.3500000000001 2609.417 -0.86584
E 0.7375713494308851 309.02270983156325 145.04228627664924 26025.100000000002
F 639.4200000000001 2593.302 -0.839855
E 0.7364577032450266 306.14884956484843 145.03855318541963 26048.9
F 654.6600000000001 2576.854 -0.807447
E 0.7347807040611536 303.15397289760625 145.01402937784138 26076.700000000004
F 670.02 2561.479 -0.764009
E 0.7324790016622592 300.2742421830955 144.96302798081896 26100.4
F 686.8799999999999 2545.86 -0.730848
E 0.7295879448802302 297.25547534521576 144.89024251925952 26131.100000000002
F 703.6199999999999 2531.209 -0.707051
E 0.7264459569108729 294.35716010547145 144.80663760560785 26159.6
F 720.8699999999999 2516.826 -0.682757
E 0.722850164340146 291.45959050457026 144.70558766995902 26189.1
F 737.5700000000002 2503.568 -0.658879
E 0.7190348521603175 288.7380062435922 144.59344297192496 26212.9
F 755.8100000000002 2489.824 -0.632772
E 0.7144649752154166 285.8612481503191 144.45396085238264 26244.2
F 774.1700000000001 2476.828 -0.599375
E 0.7093473648378904 283.07602016712326 144.2916033812863 26272.2
F 793.0699999999999 2464.261 -0.574063
E 0.7037549874546664 280.30543820249835 144.1105870993016 26302.8
F 812.3800000000001 2452.122 -0.548256
E 0.6976388709812472 277.56892843688564 143.90896416276178 26334.000000000004
F 831.1400000000001 2441.0190000000002 -0.520656
E 0.6912868577028715 275.0046542177745 143.69599910422804 26359.399999999998
F 844.4300000000001 2433.5950000000003 -0.498512
E 0.6865931804075989 273.24252315874213 143.5375335507903 26365.300000000003
F 864.4300000000001 2423.189 -0.460875
E 0.6789301903797625 270.70712548932994 143.27264989977738 26393.2
F 884.1200000000001 2413.727 -0.435196
E 0.671105254817655 268.30233811699287 143.00054321909 26419.199999999997
F 904.6499999999999 2404.584 -0.402705
E 0.6624492244316833 265.9046378878075 142.69731444478546 26447.199999999997
F 925.4100000000001 2396.048 -0.377317
E 0.6533706408645564 263.5710836363567 142.3779613239235 26476.499999999996
F 946.25 2388.21 -0.34218
E 0.6437438781771836 261.3478349566293 142.0377033166985 26503.2
F 967.1499999999999 2381.108 -0.312961
E 0.6337511338005968 259.21640967817257 141.684695551629 26529.7
F 988.2599999999999 2374.642 -0.281447
E 0.6232550233828992 257.1710667637754 141.31398522291332 26555.899999999998
F 1009.773 2368.82 -0.24723
E 0.6121498545525585 255.2021790335211 140.92319829092236 26582.8
F 1031.875 2363.614 -0.215462
E 0.6003885538860314 253.28862645513334 140.51182052934877 26612.2
F 1053.203 2359.252 -0.188022
E 0.5887549257410973 251.5354419271265 140.11003338278516 26637.499999999996
F 1075.0140000000001 2355.469 -0.155423
E 0.5765058000294585 249.8555945554798 139.69173872970333 26663.9
F 1097.4699999999998 2352.38 -0.117939
E 0.5635287348179261 248.25413864098417 139.25545823278532 26692.300000000003
F 1119.396 2350.068 -0.0922131
E 0.5506669058047154 246.7742062627334 138.8329612282253 26719.399999999998
F 1134.312 2348.835 -0.0726572
E 0.5418127419716893 245.81323140827175 138.54838600511894 26725.0
F 1156.851 2347.485 -0.0470498
E 0.5282038614510123 244.45745395736873 138.1215160816046 26754.899999999998
F 1179.203 2346.823 -0.0121479
E 0.5144252413437024 243.23763428424846 137.7042238560684 26782.1
F 1201.752 2346.973 0.0254472
E 0.5002807399676594 242.13244057558572 137.29268451345268 26809.899999999998
F 1224.2939999999999 2347.984 0.0641942
E 0.4859126794001324 241.15342819307082 136.89530331873857 26837.8
F 1246.855 2349.789 0.0955051
E 0.4713743570610272 240.27320697066426 136.51698067285378 26866.899999999998
F 1269.734 2352.272 0.120714
E 0.4565115098947873 239.46944724141574 136.1572026662226 26899.3
F 1291.906 2355.216 0.143262
E 0.4420020918665988 238.77446410092037 135.8342935098434 26928.800000000003
F 1314.1680000000001 2358.827 0.178386
E 0.427269263437444 238.2068818149078 135.53774919194487 26956.9
F 1336.226 2363.134 0.207198
E 0.41255303264134147 237.73761288524898 135.27426739636587 26985.6
F 1357.313 2367.9120000000003 0.238532
E 0.39836569930632915 237.3935352606591 135.05335766446612 27009.6
F 1380.0210000000002 2373.728 0.262866
E 0.3829820265169157 237.10900012511632 134.8525938188346 27044.899999999998
F 1401.2620000000002 2379.694 0.284839
E 0.36850858521522917 236.92436404210167 134.70206280248894 27072.9
F 1416.134 2384.15 0.297348
E 0.3583326672870384 236.8271183707196 134.61840886082837 27080.0
F 1438.395 2390.719 0.297346
E -0.781358163866319 1993.3788035747389 221.3841581029293 27126.699999999997
F 1460.2199999999998 2397.498 0.304943
E -0.7812504878372225 1993.40601096348 220.30087483863053 27164.4
F 1481.321 2404.113 0.302684
E -0.7811479384306648 1993.4382146007401 219.25803193820215 27202.100000000002
F 1501.812 2410.422 0.294662
E -0.7810543556952056 1993.476632445517 218.22217094897076 27238.7
F 1523.561 2417.093 0.300589
E -0.7809557316573958 1993.5201274959638 217.18080317669995 27276.4
F 1544.662 2423.555 0.293776
E -0.7808622541830447 1993.568611253911 216.13466224359328 27316.5
F 1566.334 2429.908 0.276541
E -0.7807739456822681 1993.6220804138202 215.03720721417366 27368.5
F 1588.5059999999999 2436.02 0.261404
E -0.7806882610690845 1993.6830634248422 213.91082864814527 27422.3
F 1609.834 2441.705 0.259601
E -0.7806089452089433 1993.7452529787827 212.83765227179603 27459.499999999996
F 1631.833 2447.427 0.249316
E -0.7805309794419741 1993.8137099449164 211.72361709475913 27506.999999999996
F 1653.519 2452.843 0.240162
E -0.7804581305060044 1993.884634631392 210.62778492126822 27550.8
F 1675.133 2457.998 0.22809
E -0.7803891493818174 1993.961798369296 209.538413289503 27595.6
F 1697.371 2463.148 0.227049
E -0.7803227893551618 1994.0464651897512 208.41951603498885 27637.699999999997
F 1712.467 2466.629 0.226218
E -0.7802802679406886 1994.1045670012004 207.67035384222459 27646.6
F 1733.899 2471.531 0.223488
E -0.7802228226683069 1994.1929121521828 206.62678703884563 27683.799999999996
F 1756.612 2476.702 0.224124
E -0.7801642361044483 1994.2950618493996 205.5169245660769 27728.3
F 1779.486 2481.875 0.220786
E -0.7801082158997207 1994.3996935755513 204.42568885966128 27776.600000000002
F 1801.314 2486.642 0.209173
E -0.7800610833686163 1994.5029789689686 203.36633665360972 27822.1
F 1823.65 2491.306 0.202533
E -0.780017807647156 1994.6124896672159 202.31415191120587 27867.7
F 1846.122 2495.742 0.187315
E -0.7799784143690719 1994.7282235120947 201.21956744880157 27920.699999999997
F 1868.045 2499.675 0.167649
E -0.7799466264900505 1994.8413653508546 200.14476532035044 27972.200000000004
F 1889.964 2503.317 0.161655
E -0.7799174184526126 1994.9619940921648 199.08953294388317 28012.9
F 1911.4363 2506.748 0.155315
E -0.7798945388238772 1995.0812952915694 198.0672238855127 28050.5
F 1933.4427 2510.155 0.151824
E -0.7798729657798192 1995.2068414148662 197.05242949863137 28090.0
F 1955.0527 2513.441 0.149995
E -0.7798552066562116 1995.3360976437675 196.071052018756 28125.8
F 1977.2803 2516.648 0.136577
E -0.7798438506199704 1995.4715403815126 195.04699825281435 28173.6
F 2000.0379011 2519.592 0.120709
E -0.7798375978394302 1995.611929274487 194.0181118796878 28227.5
F 2022.9875 2522.182 0.104091
E -0.7798377117708659 1995.7559965000787 192.9715067930451 28283.5
F 2037.8098 2523.721 0.102811
E -0.779838613498023 1995.853696487174 192.3227033360415 28291.2
F 2060.827 2526.091 0.102362
E -0.7798425268424597 1996.003967020895 191.3325995141693 28335.2
F 2083.3099 2528.152 0.0804809
E -0.7798552739666458 1996.152876755067 190.37776294113291 28391.499999999996
F 2105.508 2529.815 0.0690663
E -0.7798718127700345 1996.302986480338 189.43174541159337 28436.2
F 2126.804 2531.101 0.0516109
E -0.7798933504069053 1996.448021704448 188.53460327588627 28478.5
F 2149.75 2532.18 0.0423797
E -0.7799213157701188 1996.606751508092 187.56726748637186 28527.200000000004
F 2172.089 2532.9390000000003 0.0255399
E -0.7799542444741892 1996.760408029142 186.70263235234412 28576.899999999998
F 2194.578 2533.414 0.0166831
E -0.7799922712478731 1996.9215119880384 185.80762890528968 28621.5
F 2216.091 2533.683 0.00833612
E -0.78003146222345 1997.0763336668538 185.0030202665821 28658.8
F 2238.7219999999998 2533.727 -0.00442861
E -0.7800782737310971 1997.238576518718 184.16858707576807 28707.399999999998
F 2261.874 2533.415 -0.0225648
E -0.7801351732745712 1997.4032082847175 183.35872909114008 28765.3
F 2284.257 2532.76 -0.0359751
E -0.7801932825664357 1997.566568474933 182.5864302495671 28812.6
F 2306.7780000000002 2531.703 -0.0577966
E -0.7802576546150986 1997.7286063358029 181.85273005267663 28868.500000000004
F 2329.358 2530.151 -0.0794023
E -0.7803308376022126 1997.8918017313938 181.13074994181605 28925.0
F 2344.717 2528.851 -0.08958
E -0.7803821414570156 1998.0039086626498 180.6664909959078 28935.899999999998
F 2367.022 2526.544 -0.116543
E -0.7804627674865646 1998.159518931434 180.0237120595509 28996.0
F 2389.191 2523.754 -0.133774
E -0.7805484076431326 1998.3175835032969 179.40689914700698 29045.9
F 2412.195 2520.525 -0.145183
E -0.780644106511442 1998.4805586585126 178.84478372029594 29098.5
F 2434.466 2517.105 -0.159591
E -0.7807410023669994 1998.639774578751 178.29484420980512 29147.699999999997
F 2457.186 2513.423 -0.161695
E -0.7808428802175158 1998.8039539201188 177.8559917272951 29191.8
F 2479.751 2509.803 -0.156436
E -0.780945977475114 1998.97188114309 177.4582159249225 29230.600000000002
F 2502.0099999999998 2506.318 -0.154159
E -0.781051554307944 1999.1422946552464 177.0877909980154 29268.699999999997
F 2523.672 2503.139 -0.137309
E -0.7811557844190029 1999.3114760973415 176.81521864780018 29297.0
F 2545.709 2500.175 -0.130085
E -0.781265036476517 1999.4906258849348 176.59908549670257 29330.800000000003
F 2567.5969999999998 2497.442 -0.118357
E -0.7813742448690014 1999.6722837020175 176.41076439366816 29361.8
F 2590.808 2494.541 -0.130296
E -0.7814972884740677 1999.8625917422698 176.2657486577936 29416.3
F 2613.159 2491.656 -0.12646
E -0.7816190030023303 2000.0541711853207 176.19112441948022 29453.600000000002
F 2635.016 2488.969 -0.118151
E -0.7817393726355616 2000.2420213996504 176.1869910834543 29485.600000000002
F 2657.42 2486.315 -0.117777
E -0.7818672695916021 2000.437328020271 176.21151115383736 29525.0
F 2671.682 2484.727 -0.104
E -0.7819483098048189 2000.569234788369 176.2462391606693 29530.0
F 2693.8559999999998 2482.55 -0.0917265
E -0.782077400123512 2000.7757997908184 176.3411437283204 29562.100000000002
F 2715.737 2480.558 -0.0898556
E -0.78220766530303 2000.981119276382 176.53486992500365 29596.699999999997
F 2738.865 2478.674 -0.0727054
E -0.7823467660360589 2001.210133471205 176.71446373221008 29632.7
F 2761.085 2477.189 -0.0608135
E -0.7824832470205327 2001.4316799236165 176.978051176213 29664.899999999998
F 2783.321 2476.183 -0.0295735
E -0.7826197154418131 2001.6707241793388 177.26903836643675 29692.1
F 2805.1620000000003 2475.726 -0.0122809
E -0.7827548677508809 2001.911032264408 177.57313675793583 29720.000000000004
F 2827.437 2475.601 0.00111378
E -0.7828962606891012 2002.1600570343744 177.91881861149724 29751.699999999997
F 2850.078 2475.83 0.0191103
E -0.7830401290627171 2002.4240605833359 178.31960519512492 29784.0
F 2872.971 2476.484 0.037983
E -0.7831877123312148 2002.6967920653367 178.76117881466638 29817.500000000004
F 2895.627 2477.512 0.0526712
E -0.7833365033307841 2002.980757757002 179.21518924239228 29851.2
F 2917.805 2479.016 0.0828125
E -0.7834814533658457 2003.2659894570793 179.68131645930777 29878.300000000003
F 2939.609 2481.077 0.105683
E -0.7836250855609412 2003.5574655952955 180.15960162410516 29905.199999999997
F 2961.788 2483.657 0.125882
E -0.7837724366053284 2003.8651468076023 180.65014090707763 29935.0
F 2976.9480000000003 2485.614 0.130941
E -0.7838769081066492 2004.0781468830435 181.02701783387488 29942.600000000002
F 2999.447 2488.809 0.151146
E -0.7840291667029596 2004.4057642806843 181.56963435102955 29974.699999999997
F 3021.71 2492.4629999999997 0.174192
E -0.7841800977558449 2004.7421065343078 182.09636539037663 30005.100000000002
F 3043.4399999999996 2496.547 0.197399
E -0.7843296871283238 2005.0796871223445 182.63474009443362 30032.9
F 3064.56 2500.9139999999998 0.210427
E -0.7844766822460159 2005.4172599347473 183.17099539995394 30060.7
F 3086.3599999999997 2505.744 0.225499
E -0.7846298703409816 2005.7735053636243 183.74614331005358 30092.1
F 3107.76 2510.812 0.239683
E -0.7847804621129407 2006.1347219550985 184.31895552584893 30121.9
F 3130.12 2516.313 0.242756
E -0.7849434950925399 2006.518334135781 184.91666981905644 30163.0
F 3151.5 2521.656 0.247089
E -0.7851026610778514 2006.8932080937311 185.52533872022218 30196.800000000003
F 3173.12 2527.2799999999997 0.261949
E -0.7852629788738632 2007.2817622346004 186.11804587507584 30228.4
F 3195.41 2533.414 0.274957
E -2.3562270232133153 186.76186915617177 2007.6902162010185 30265.5
F 3217.3199999999997 2539.709 0.284633
E -2.356393371443489 187.389545838085 2008.1023773977754 30301.8
F 3239.4700000000003 2546.216 0.286773
E -2.3565645993069566 188.04109188814348 2008.5269596800324 30343.9
F 3253.4700000000003 2550.429 0.298002
E -2.3566732687727354 188.4518058787135 2008.7996208833401 30349.5
F 3274.6 2557.081 0.312022
E -2.356838043553082 189.0855437358113 2009.2228988218635 30380.2
F 3295.48 2563.967 0.325118
E -2.357001440764863 189.67707702588928 2009.6523596012607 30410.300000000003
F 3317.1099999999997 2571.272 0.326105
E -2.357175938780509 190.33166553626896 2010.102946889584 30451.2
F 3338.24 2578.558 0.338148
E -2.3573465561343068 190.97037260613345 2010.5522417452062 30483.8
F 3359.26 2586.116 0.352247
E -2.3575157795128607 191.59332913485474 2011.0101929704442 30515.5
F 3379.85 2593.9539999999997 0.375147
E -2.357679856604223 192.16179286349313 2011.4780250759609 30543.100000000002
F 3401.4700000000003 2602.54 0.38082
E -2.3578562307405853 192.80540575681707 2011.973179620183 30584.600000000002
F 3422.38 2610.963 0.385095
E -2.3580299685195425 193.42047897505327 2012.4608116216973 30621.7
F 3443.77 2619.8869999999997 0.405572
E -2.3582047424137396 194.02004340459413 2012.9769553468016 30656.499999999996
F 3464.75 2628.974 0.411879
E -2.3583793556755768 194.61713124716803 2013.4930276077746 30694.8
F 3485.29 2637.9629999999997 0.413027
E -2.3585538202272662 195.21176580772072 2014.0040631761972 30732.8
F 3505.6000000000004 2647.006 0.424895
E -2.3587256260621383 195.80410015503983 2014.519981127632 30764.7
F 3518.69 2652.9629999999997 0.429278
E -2.3588380076586097 196.16803853807684 2014.8593252771084 30770.7
F 3540.02 2662.868 0.439992
E -2.35901936804326 196.7559279356693 2015.4198333900988 30811.500000000004
F 3560.07 2672.1620000000003 0.428191
E -2.359196923657095 197.37962276422647 2015.9492266715083 30855.2
F 3582.38 2682.46 0.436605
E -2.3593939558569206 198.02468215917713 2016.5505759230925 30905.399999999998
F 3602.83 2692.3289999999997 0.462777
E -2.3595672667997376 198.55519079616252 2017.120679634191 30935.899999999998
F 3622.98 2702.566 0.477333
E -2.3597416207140105 199.09614717718816 2017.6968861003875 30969.1
F 3642.91 2713.013 0.48837
E -2.359914534206985 199.62259511906393 2018.2766954800647 31002.999999999996
F 3662.51 2723.54 0.497356
E -2.3600847680649326 200.12226844926127 2018.858855311763 31036.1
F 3681.87 2734.252 0.513261
E -2.3602498074021785 200.57067037994102 2019.4507684475354 31066.100000000002
F 3701.35 2745.368 0.523779
E -2.360418336882384 201.0545190429078 2020.056207230983 31099.7
F 3714.43 2753.011 0.534151
E -2.36052929844904 201.35554048411765 2020.4692391413312 31106.4
F 3734.15 2765.059 0.562617
E -2.360692346132258 201.73790781287735 2021.1140038481954 31138.7
F 3753.2700000000004 2777.255 0.573033
E -2.360851512639933 202.13173372213538 2021.7548719423144 31173.899999999998
F 3790.27 2801.178 0.574907
E -2.3611656683509272 202.9282623173506 2023.0175778655162 31741.200000000004
F 3809.4300000000003 2813.826 0.591809
E -2.3613252983006765 203.25668071395634 2023.6913602980928 31775.8
F 3820.44 2821.221 0.591925
E -2.361418353693304 203.48054316091591 2024.0814382220244 31780.5
F 3822.6899999999996 2822.739 0.591832
E -2.3614388979214502 203.51523388906426 2024.1644077433727 31780.5
F 3822.6899999999996 2822.739 0.591831
E -2.3614388979214502 203.51523388906426 2024.1644077433727 31780.5
F 3822.6899999999996 2822.739 0.591822
E -2.3614388979214502 203.51523388906426 2024.1644077433727 31780.5
F 3822.7 2822.739 0.591811
E -2.3614388979214502 203.51523388906426 2024.1644077433727 31780.5
F 3822.7 2822.739 0.591804
E -2.3614388979214502 203.51523388906426 2024.1644077433727 31780.5
F 3822.7 2822.74 0.591797
E -2.3614388979214502 203.51523388906426 2024.1644077433727 31780.5
F 3822.7 2822.74 0.591792
E -2.3614388979214502 203.51523388906426 2024.1644077433727 31780.5
F 3822.7 2822.74 0.591788
E -2.3614388979214502 203.51523388906426 2024.1644077433727 31780.5
F 3822.7 2822.74 0.591788
E -2.3614388979214502 203.51523388906426 2024.1644077433727 31780.5
F 3822.7 2822.74 0.591786
E -2.3614388979214502 203.51523388906426 2024.1644077433727 31780.5
F 3822.7 2822.74 0.59178
E -2.3614388979214502 203.51523388906426 2024.1644077433727 31780.5
F 3822.7 2822.74 0.591778
E -2.3614388979214502 203.51523388906426 2024.1644077433727 31780.5
F 3822.7 2822.74 0.59178
E -2.3614388979214502 203.51523388906426 2024.1644077433727 31780.5
F 3822.7 2822.74 0.591783
E -2.3614388979214502 203.51523388906426 2024.1644077433727 31780.5
F 3822.7 2822.74 0.591784
E -2.3614388979214502 203.51523388906426 2024.1644077433727 31780.5
F 3822.7 2822.74 0.591788
E -2.3614388979214502 203.51523388906426 2024.1644077433727 31780.5
F 3822.7 2822.74 0.591795
E -2.3614388979214502 203.51523388906426 2024.1644077433727 31780.5
F 3822.7 2822.74 0.591802
E -2.3614388979214502 203.51523388906426 2024.1644077433727 31780.5
F 3822.7 2822.74 0.591806
E -2.3614388979214502 203.51523388906426 2024.1644077433727 31780.5
F 3822.7 2822.74 0.59181
E -2.3614388979214502 203.51523388906426 2024.1644077433727 31780.5
F 3822.7 2822.74 0.591814
E -2.3614388979214502 203.51523388906426 2024.1644077433727 31780.5
F 3822.7 2822.74 0.591819
E -2.3614388979214502 203.51523388906426 2024.1644077433727 31780.5
