P 0 274 1446
P 0 274 1446
P 0 274 1446
P 0 274 1446
P 0 274 1446
P 0 274 1446
P 0 274 1446
P 0 275 1446
P 0 276 1446
P 0 277 1446
P 0 278 1446
P 0 280 1446
P 0 284 1446
P 0 287 1446
P 0 294 1446
P 0 303 1446
P 0 313 1446
P 0 325 1446
P 0 338 1446
P 0 354 1446
P 0 371 1446
P 0 389 1446
P 0 410 1446
P 0 432 1446
P 0 447 1446
P 0 470 1446
P 0 492 1446
P 0 515 1446
P 0 537 1446
P 0 560 1446
P 0 582 1446
P 0 604 1446
P 0 627 1446
P 0 649 1446
P 0 672 1446
P 0 694 1446
P 0 717 1446
P 0 739 1445
P 0 761 1445
P 0 784 1445
P 0 806 1445
P 0 821 1445
P 0 844 1445
P 0 866 1445
P 0 889 1445
P 0 911 1445
P 0 934 1445
P 0 956 1445
P 0 978 1445
P 0 1001 1445
P 0 1023 1445
P 0 1046 1445
P 0 1068 1445
P 0 1091 1445
P 0 1113 1445
P 0 1135 1445
P 0 1158 1445
P 0 1180 1445
P 0 1195 1445
P 0 1218 1445
P 0 1240 1445
P 0 1263 1445
P 0 1285 1445
P 0 1308 1445
P 0 1330 1445
P 0 1352 1445
P 0 1375 1445
P 0 1397 1445
P 0 1420 1445
P 0 1442 1445
P 0 1465 1445
P 0 1487 1445
P 0 1509 1445
P 0 1532 1445
P 0 1554 1445
P 0 1577 1445
P 0 1592 1445
P 0 1614 1445
P 0 1637 1445
P 0 1659 1445
P 0 1682 1444
P 0 1704 1444
P 0 1726 1444
P 0 1749 1444
P 0 1771 1444
P 0 1794 1444
P 0 1816 1444
P 0 1839 1444
P 0 1861 1444
P 0 1883 1444
P 0 1906 1444
P 0 1928 1444
P 0 1951 1444
P 0 1966 1444
P 0 1988 1444
P 0 2010 1444
P 0 2032 1444
P 0 2055 1444
P 0 2077 1444
P 0 2099 1444
P 0 2122 1444
P 0 2144 1444
P 0 2167 1444
P 0 2189 1444
P 0 2212 1444
P 0 2234 1444
P 0 2256 1444
P 0 2279 1444
P 0 2301 1444
P 0 2324 1444
P 0 2339 1444
P 0 2361 1444
P 0 2384 1444
P 0 2406 1444
P 0 2429 1444
P 0 2451 1444
P 0 2473 1444
P 0 2496 1444
P 0 2518 1444
P 0 2541 1444
P 0 2563 1444
P 0 2586 1444
P 0 2608 1444
P 0 2630 1443
P 0 2653 1443
P 0 2675 1443
P 0 2690 1443
P 0 2713 1443
P 0 2735 1443
P 0 2758 1443
P 0 2780 1443
P 0 2803 1443
P 0 2825 1443
P 0 2847 1443
P 0 2870 1443
P 0 2892 1443
P 0 2915 1444
P 0 2937 1444
P 0 2959 1445
P 0 2982 1447
P 0 3004 1449
P 0 3026 1451
P 0 3049 1454
P 0 3071 1457
P 0 3085 1460
P 0 3108 1464
P 0 3129 1468
P 0 3151 1473
P 0 3173 1479
P 0 3195 1485
P 0 3216 1491
P 0 3238 1498
P 0 3259 1505
P 0 3280 1512
P 0 3301 1520
P 0 3322 1529
P 0 3342 1538
P 0 3363 1547
P 0 3383 1557
P 0 3403 1567
P 0 3416 1574
P 0 3435 1585
P 0 3454 1597
P 0 3473 1609
P 0 3491 1622
P 0 3508 1636
P 0 3525 1651
P 0 3542 1666
P 0 3557 1682
P 0 3572 1699
P 0 3586 1716
P 0 3600 1734
P 0 3613 1752
P 1 3625 1771
P 1 3636 1790
P 1 3647 1810
P 1 3656 1830
P 1 3662 1844
P 1 3671 1865
P 1 3678 1886
P 1 3685 1907
P 1 3690 1929
P 1 3695 1950
P 1 3699 1972
P 1 3702 1995
P 1 3704 2016
P 1 3706 2038
P 1 3707 2061
P 1 3707 2083
P 1 3706 2105
P 1 3705 2128
P 1 3703 2150
P 1 3701 2172
P 1 3697 2194
P 1 3693 2216
P 1 3690 2231
P 1 3685 2253
P 1 3680 2275
P 1 3674 2296
P 1 3667 2318
P 1 3661 2339
P 1 3653 2360
P 1 3646 2381
P 1 3637 2402
P 1 3629 2423
P 1 3620 2443
P 2 3610 2464
P 2 3600 2484
P 2 3590 2503
P 2 3578 2522
P 2 3565 2541
P 2 3552 2559
P 2 3542 2570
P 2 3527 2586
P 2 3511 2602
P 2 3494 2616
P 2 3476 2629
P 2 3457 2642
P 2 3438 2653
P 2 3418 2662
P 2 3397 2671
P 2 3376 2678
P 2 3355 2684
P 2 3333 2689
P 3 3311 2692
P 3 3289 2694
P -3 3267 2694
P -3 3244 2693
P -3 3222 2691
P -2 3207 2689
P -2 3185 2685
P -2 3163 2681
P -2 3142 2675
P -2 3120 2669
P -2 3099 2661
P -2 3079 2653
P -2 3058 2644
P -2 3038 2635
P -2 3018 2625
P -2 2998 2614
P -2 2978 2603
P -2 2959 2592
P -2 2940 2581
P -2 2921 2569
P -2 2902 2556
P -2 2884 2544
P -2 2871 2535
P -2 2854 2521
P -2 2836 2507
P -2 2820 2492
P -2 2803 2477
P -2 2788 2461
P -2 2773 2444
P -2 2758 2427
P -2 2745 2409
P -2 2732 2391
P -2 2720 2372
P -2 2709 2353
P -2 2698 2333
P -1 2689 2313
P -1 2680 2292
P -1 2672 2271
P -1 2665 2250
P -1 2660 2236
P -1 2655 2214
P -1 2650 2192
P -1 2646 2170
P -1 2642 2148
P -1 2639 2126
P -1 2636 2104
P -1 2634 2082
P -1 2632 2059
P -1 2630 2037
P -1 2628 2015
P -1 2626 1993
P -1 2625 1971
P -1 2623 1949
P -1 2623 1926
P -1 2622 1904
P -1 2621 1881
P -1 2621 1866
P -1 2621 1844
P -1 2621 1821
P -1 2622 1799
P -1 2622 1777
P -1 2622 1754
P -1 2623 1732
P -1 2623 1709
P -1 2623 1687
P -1 2622 1664
P -1 2622 1642
P -1 2621 1619
P -1 2620 1597
P -1 2618 1575
P -1 2617 1552
P -1 2615 1530
P -1 2614 1515
P -1 2612 1493
P -1 2609 1470
P -1 2607 1448
P -1 2604 1426
P -1 2601 1403
P -1 2598 1381
P -1 2595 1359
P -1 2592 1337
P -1 2589 1314
P -1 2586 1292
P -1 2583 1270
P -1 2579 1248
P -1 2576 1226
P -1 2573 1203
P -1 2570 1181
P -1 2567 1159
P -1 2565 1144
P -1 2562 1122
P -1 2559 1100
P -1 2556 1077
P -1 2553 1055
P -1 2550 1033
P -1 2547 1011
P -1 2544 988
P -1 2540 966
P -1 2536 944
P -1 2531 922
P -1 2526 900
P -1 2521 878
P -1 2515 857
P -1 2509 835
P -1 2502 814
P -1 2495 792
P -1 2490 778
P -1 2482 757
P -1 2474 736
P -1 2465 715
P -1 2456 695
P -2 2447 675
P -2 2437 654
P -2 2426 634
P -2 2416 615
P -2 2404 595
P -2 2393 576
P -2 2381 557
P -2 2368 538
P -2 2356 520
P -2 2343 501
P -2 2329 483
P -2 2315 466
P -2 2301 448
P -2 2291 437
P -2 2277 420
P -2 2262 403
P -2 2246 387
P -2 2230 371
P -2 2214 355
P -2 2198 340
P -2 2181 325
P -2 2164 310
P -2 2147 296
P -2 2129 282
P -2 2111 268
P -2 2093 255
P -2 2074 242
P -2 2056 230
P -2 2037 218
P -2 2018 206
P -2 2005 198
P -2 1986 187
P -2 1966 177
P -2 1946 167
P -2 1926 157
P -2 1905 149
P -2 1884 141
P -2 1863 134
P -2 1841 128
P -2 1819 123
P -2 1797 119
P -3 1774 116
P -3 1752 115
P 3 1729 114
P 3 1707 115
P 3 1684 117
P 2 1670 119
P 2 1647 123
P 2 1625 128
P 2 1604 134
P 2 1582 141
P 2 1562 150
P 2 1541 159
P 2 1521 170
P 2 1502 181
P 2 1483 193
P 2 1465 207
P 2 1447 221
P 2 1431 236
P 2 1415 252
P 2 1400 269
P 2 1385 286
P 2 1372 305
P 2 1360 323
P 2 1352 336
P 2 1341 356
P 1 1332 377
P 1 1323 397
P 1 1316 419
P 1 1309 440
P 1 1304 462
P 1 1300 484
P 1 1296 507
P 1 1295 529
P 1 1294 551
P 1 1294 574
P 1 1296 596
P 1 1298 619
P 1 1302 641
P 1 1307 663
P 1 1313 685
P 1 1317 699
P 1 1323 721
P 1 1331 742
P 1 1339 763
P 1 1348 784
P 1 1357 804
P 1 1367 824
P 1 1377 844
P 1 1387 864
P 1 1398 884
P 1 1409 904
P 1 1419 924
P 1 1429 944
P 1 1439 964
P 1 1449 984
P 1 1459 1004
P 1 1465 1018
P 1 1474 1038
P 1 1483 1059
P 1 1491 1080
P 1 1498 1101
P 1 1506 1122
P 1 1513 1143
P 1 1519 1165
P 1 1525 1186
P 1 1530 1208
P 1 1536 1230
P 1 1540 1252
P 1 1544 1274
P 1 1548 1296
P 1 1551 1318
P 1 1554 1340
P 1 1557 1363
P 1 1559 1385
P 1 1560 1400
P 1 1561 1422
P 1 1561 1445
P 1 1562 1467
P 1 1561 1489
P 1 1561 1512
P 1 1560 1534
P 1 1558 1556
P 1 1556 1579
P 1 1554 1601
P 1 1551 1623
P 1 1549 1646
P 1 1546 1668
P 1 1544 1690
P 1 1542 1713
P 1 1540 1735
P 1 1539 1750
P 1 1539 1773
P 1 1538 1795
P 1 1538 1817
P 1 1539 1840
P 1 1540 1862
P 1 1541 1885
P 1 1542 1907
P 1 1543 1930
P 1 1545 1952
P 1 1546 1974
P 1 1547 1997
P 1 1549 2018
P 1 1550 2041
P 1 1551 2063
P 1 1553 2085
P 1 1554 2108
P 1 1554 2123
P 1 1555 2145
P 1 1556 2168
P 1 1556 2190
P 1 1557 2212
P 1 1556 2235
P 1 1556 2257
P 1 1556 2280
P 1 1555 2302
P 1 1554 2324
P 1 1553 2347
P 1 1551 2369
P 1 1550 2392
P 1 1548 2414
P 1 1546 2436
P 1 1543 2459
P 1 1541 2481
P 1 1539 2496
P 1 1536 2518
P 1 1533 2540
P 1 1529 2562
P 1 1526 2584
P 1 1522 2606
P 1 1518 2629
P 1 1514 2651
P 1 1509 2673
P 1 1505 2695
P 1 1501 2717
P 1 1497 2739
P 1 1494 2761
P 1 1491 2783
P 1 1488 2806
P 1 1485 2828
P 1 1482 2850
P 1 1481 2865
P 1 1478 2887
P 1 1476 2910
P 1 1475 2932
P 1 1473 2955
P 1 1472 2977
P 1 1471 2999
P 1 1470 3022
P 1 1469 3044
P 1 1469 3067
P 1 1468 3089
P 1 1467 3112
P 1 1466 3134
P 1 1465 3156
P 1 1464 3179
P 1 1462 3201
P 1 1460 3223
P 1 1458 3246
P 1 1457 3261
P 1 1454 3283
P 1 1451 3305
P 1 1448 3327
P 1 1445 3349
P 1 1441 3371
P 1 1436 3393
P 1 1431 3415
P 1 1425 3437
P 1 1419 3458
P 1 1411 3479
P 1 1404 3500
P 1 1395 3521
P 2 1386 3542
P 2 1376 3562
P 2 1366 3582
P 2 1355 3601
P 2 1348 3614
P 2 1336 3633
P 2 1323 3652
P 2 1310 3670
P 2 1297 3688
P 2 1283 3705
P 2 1268 3722
P 2 1253 3738
P 2 1237 3754
P 2 1221 3770
P 2 1204 3784
P 2 1186 3798
P 2 1168 3811
P 2 1150 3824
P 2 1131 3835
P 2 1111 3846
P 2 1091 3856
P 2 1078 3863
P 2 1057 3871
P 2 1036 3879
P 2 1015 3886
P 2 993 3892
P 2 972 3897
P 2 950 3902
P 3 927 3905
P 3 905 3908
P 3 883 3909
P -3 861 3909
P -3 838 3909
P -3 816 3907
P -2 794 3903
P -2 772 3899
P -2 750 3894
P -2 736 3890
P -2 715 3883
P -2 694 3874
P -2 674 3865
P -2 654 3855
P -2 635 3843
P -2 616 3831
P -2 598 3818
P -2 581 3804
P -2 564 3789
P -2 549 3773
P -2 534 3756
P -2 520 3739
P -2 506 3721
P -2 494 3702
P -2 483 3683
P -2 472 3663
P -1 463 3643
P -1 456 3629
P -1 448 3609
P -1 441 3588
P -1 434 3566
P -1 428 3545
P -1 423 3523
P -1 420 3501
P -1 416 3479
P -1 414 3456
P -1 413 3434
P -1 413 3412
P -1 413 3389
P -1 415 3367
P -1 417 3345
P -1 421 3323
P -1 425 3301
P -1 430 3279
P -1 434 3265
P -1 440 3243
P -1 448 3222
P -1 456 3201
P -1 465 3181
P -1 474 3160
P -1 484 3140
P -1 494 3120
P -1 504 3100
P -1 514 3080
P -1 525 3060
P -1 535 3040
P -1 545 3020
P -1 556 3000
P -1 566 2981
P -1 576 2961
P -1 583 2947
P -1 594 2927
P -1 604 2908
P -1 614 2888
P -1 625 2868
P -1 636 2848
P -1 647 2829
P -1 658 2809
P -1 670 2790
P 0 682 2772
P 0 695 2753
P 0 708 2735
P 0 722 2718
P 0 737 2701
P 0 752 2684
P 0 767 2668
P 0 783 2652
P 0 794 2642
P 0 811 2627
P 0 828 2613
P 0 845 2599
P 0 863 2585
P 0 882 2573
P 0 901 2561
P 0 920 2549
P 0 939 2538
P 0 959 2528
P 0 979 2518
P 0 999 2509
P 0 1020 2500
P 0 1041 2492
P 0 1062 2485
P 0 1084 2478
P 0 1105 2472
P 0 1120 2469
P 0 1142 2464
P 0 1164 2460
P 0 1186 2456
P 0 1208 2453
P 0 1230 2451
P 0 1253 2450
P 0 1275 2449
P 0 1297 2449
P 0 1320 2450
P 0 1342 2451
P 0 1364 2453
P 0 1387 2455
P 0 1409 2458
P 0 1431 2462
P 0 1453 2466
P 0 1475 2470
P 0 1497 2474
P 0 1512 2476
P 0 1534 2481
P 0 1556 2485
P 0 1578 2488
P 0 1600 2492
P 0 1622 2496
P 0 1645 2499
P 0 1667 2502
P 0 1689 2504
P 0 1712 2507
P 0 1734 2509
P 0 1756 2511
P 0 1779 2513
P 0 1801 2515
P 0 1823 2516
P 0 1846 2517
P 0 1868 2518
P 0 1883 2519
P 0 1906 2519
P 0 1928 2520
P 0 1951 2520
P 0 1973 2520
P 0 1996 2519
P 0 2017 2519
P 0 2039 2518
P 0 2062 2517
P 0 2084 2515
P 0 2107 2514
P 0 2129 2512
P 0 2151 2510
P 0 2174 2508
P 0 2196 2506
P 0 2218 2503
P 0 2241 2500
P 0 2256 2498
P 0 2278 2495
P 0 2300 2491
P 0 2322 2488
P 0 2344 2483
P 0 2366 2479
P 0 2388 2474
P 0 2410 2469
P 0 2432 2463
P 0 2453 2457
P 0 2475 2451
P 0 2496 2444
P 0 2518 2438
P 0 2540 2432
P 0 2561 2425
P 0 2583 2419
P 0 2597 2415
P 0 2619 2410
P 0 2641 2404
P 0 2662 2399
P 0 2684 2394
P 0 2706 2389
P 0 2728 2385
P 0 2750 2380
P 0 2772 2377
P 0 2794 2373
P 0 2816 2370
P 0 2839 2368
P 0 2861 2366
P 0 2883 2365
P 0 2906 2364
P 0 2928 2363
P 0 2951 2363
P 0 2966 2363
P 0 2988 2364
P 0 3010 2365
P 0 3033 2366
P 0 3055 2368
P 0 3077 2371
P 0 3099 2374
P 0 3122 2377
P 0 3144 2381
P 0 3166 2384
P 0 3188 2388
P 0 3210 2393
P 0 3232 2397
P 0 3254 2402
P 0 3276 2406
P 0 3298 2412
P 0 3319 2417
P 0 3334 2421
P 0 3356 2426
P 0 3377 2432
P 0 3399 2438
P 0 3420 2445
P 0 3442 2451
P 0 3463 2458
P 0 3484 2465
P 0 3506 2472
P 0 3527 2480
P 0 3548 2487
P 0 3569 2495
P 0 3590 2503
P 0 3610 2512
P 0 3631 2520
P 0 3652 2529
P 0 3672 2538
P 0 3693 2547
P 0 3707 2553
P 0 3727 2563
P 0 3747 2572
P 0 3767 2582
P 0 3787 2592
P 0 3807 2603
P 0 3827 2613
P 0 3847 2624
P 0 3858 2630
P 0 3860 2631
P 0 3860 2631
P 0 3860 2631
P 0 3860 2631
P 0 3860 2631
P 0 3860 2631
P 0 3860 2631
P 0 3860 2631
P 0 3860 2631
P 0 3860 2631
P 0 3860 2631
P 0 3860 2631
P 0 3860 2631
P 0 3860 2631
P 0 3860 2631
P 0 3860 2631
P 0 3860 2631
P 0 3860 2631
P 0 3860 2631
P 0 3860 2631
P 0 3860 2631
P 0 3860 2631
