F 273.40999999999985 1445.49 -0.00105827
E 1.569738056040496 1.0579162598203275e-18 2.114859335526105e-13 2.79539e-33
F 273.40999999999985 1445.49 -0.00105826
E 1.5694088261801658 1.09716719737339e-15 2.3885007813823507e-13 3.59645e-33
F 273.40999999999985 1445.49 -0.00105825
E 1.5683568019024943 2.4692455014509574e-15 3.6727857649426493e-13 8.46516e-33
F 273.40999999999985 1445.49 -0.00105825
E 1.5668214552160171 5.943290452585852e-15 4.3165459953369683e-13 1.14613e-32
F 273.40999999999985 1445.49 -0.00105825
E 1.567455202479866 5.972176719091005e-15 4.87893079327055e-13 1.46935e-32
F 273.40999999999985 1445.49 -0.00105824
E 1.5675473827688486 6.323330287208788e-15 5.551943382673125e-13 1.91638e-32
F 273.74 1445.49 -0.000996339
E 1.5699466833508673 1.264382587949872e-06 0.0006507190681654958 2.64649e-14
F 274.56999999999994 1445.489 -0.00128064
E -0.0018131260231600281 0.00399729002273605 2.2377815685009323e-05 9.98645e-13
F 275.5899999999999 1445.4879999999998 -0.00134914
E -0.0020136441721723794 0.007049109976003584 8.145609987438398e-05 3.10562e-12
F 276.6200000000001 1445.487 -0.000866409
E -0.0013451650791636782 0.009429616155486079 0.00017252365112044549 5.55735e-12
F 277.6600000000001 1445.4850000000001 -0.00130528
E -0.0012633171302247974 0.011256562623386064 0.00028691794260354066 7.91938e-12
F 279.6700000000001 1445.483 -0.000926012
E -0.0005530530743574882 0.025706277482813327 0.0005655974510236968 4.1301e-11
F 283.25 1445.4769999999999 -0.00276474
E -0.005622410000498806 0.07898083323408565 0.0023271080012648385 3.8987e-10
F 286.70000000000005 1445.4679999999998 -0.00199329
E -0.006775727046224442 0.104010432884943 0.005736623666127235 6.76119e-10
F 291.3900000000001 1445.459 -0.00186933
E -0.005590954302913173 0.16210276798481693 0.021162705679109495 1.64231e-09
F 299.84000000000015 1445.4360000000001 -0.00362822
E -0.007197931505379233 0.43728492491741483 0.03147327342318936 1.19507e-08
F 309.21000000000004 1445.3890000000001 -0.00632533
E -0.012894261935862258 0.6661888800208369 0.08354430642828392 2.77355e-08
F 321.26 1445.301 -0.00837007
E -0.017513356823551447 1.0598625614256278 0.1881278843986384 7.01919e-08
F 334.54999999999995 1445.21 -0.00535249
E -0.014094559351201776 1.4604153893921379 0.3587082943376277 1.33258e-07
F 348.94000000000005 1445.1109999999999 -0.00837715
E -0.014601790504766964 1.8759056976411834 0.6050911613611174 2.19815e-07
F 366.1199999999999 1445.002 -0.00422659
E -0.00855391919545003 2.519319073188176 0.9836927403769286 3.9633e-07
F 383.04999999999995 1444.8890000000001 -0.00916203
E -0.008741292288281067 3.0052457913334103 1.459744920755961 5.63597e-07
F 403.15999999999985 1444.5720000000001 -0.0224859
E -0.03162167010084631 3.8531014599666635 2.1509089100198473 9.2573e-07
F 424.73 1444.011 -0.0296779
E -0.06802788462731643 4.688479024082425 3.0650879988573108 1.36774e-06
F 447.78 1443.376 -0.0256407
E -0.10540315662486495 5.582784183069364 4.242834637983259 1.93193e-06
F 470.76 1442.746 -0.0295855
E -0.20424508288278093 6.353131286209601 5.610991254687957 2.48481e-06
F 492.3900000000001 1442.199 -0.0215732
E -2.7129527624494023 6.807813167649947 7.1721635420821235 2.9235e-06
F 515.9499999999998 1441.688 -0.0225071
E -3.0559343750274803 7.5449975388398 8.87242988920743 3.52025e-06
F 530.76 1441.37 -0.0221187
E -3.103096909268015 7.652955929559266 10.038626177930109 3.5959e-06
F 554.75 1440.7910000000002 -0.0276456
E -3.125659093873688 8.328028264222386 12.04036732123705 4.23884e-06
F 576.77 1440.277 -0.0203225
E -3.1351869160084274 8.780839337331486 13.98419145077655 4.68652e-06
F 599.06 1439.83 -0.0216386
E 3.1408967283017297 9.22145143044632 16.04610804886716 5.13854e-06
F 621.51 1439.3580000000002 -0.0222697
E 3.136380604938997 9.653342571939449 18.210545768558983 5.59669e-06
F 645.4200000000001 1439.0169999999998 -0.00662888
E 3.1352693360608774 10.233875427047865 20.608379211953228 6.2556e-06
F 667.5800000000002 1438.938 -0.000231169
E 3.134284540317708 10.611160982109041 22.907630008618675 6.67599e-06
F 689.77 1438.991 0.00624748
E 3.134360493321044 10.976583282306331 25.27824399452211 7.08954e-06
F 711.78 1439.166 0.0106873
E 3.1349559185464866 11.315072718065561 27.688862912457935 7.47288e-06
F 733.7800000000002 1439.397 0.0134836
E 3.135862431788714 11.640902098201916 30.150006605970724 7.84283e-06
F 755.8299999999999 1439.7069999999999 0.0184441
E 3.137310823519405 11.963802197069407 32.66400062743995 8.21249e-06
F 778.78 1440.0610000000001 0.01734
E 3.1383934901274144 12.327825437423483 35.33063429920859 8.64554e-06
F 801.0600000000002 1440.425 0.0207472
E 3.139906429281615 12.644133383546988 37.95258411464327 9.00913e-06
F 824.29 1440.8980000000001 0.0278997
E -3.1411962321216778 13.015337717258081 40.73199275883417 9.46179e-06
F 846.94 1441.4859999999999 0.0336552
E -3.1390191753131136 13.338381293855226 43.46664047818434 9.83962e-06
F 861.52 1441.827 0.029551
E -3.138042755888102 13.392285940297834 45.148736718686834 9.77454e-06
F 883.2 1442.296 0.0236268
E -3.1371751647439834 13.657061635744837 47.784238169897264 1.00573e-05
F 905.5699999999999 1442.8049999999998 0.0321643
E -3.1353404793989 13.958010895157877 50.5278851907603 1.04014e-05
F 928.3900000000001 1443.425 0.0369124
E -3.133492812882171 14.268283295496058 53.34555597047863 1.07612e-05
F 951.6400000000001 1444.161 0.0398479
E -3.1316669400630635 14.593214782054293 56.23647021573129 1.11456e-05
F 973.52 1444.7930000000001 0.0345015
E -3.130562281473757 14.844648998494923 58.94379438169453 1.13951e-05
F 997.04 1445.482 0.0440658
E -3.128514599056758 15.185194570529962 61.88812984615989 1.18067e-05
F 1019.922 1446.1950000000002 0.0415754
E -3.1271256778435013 15.471649844452358 64.74934209002171 1.21142e-05
F 1042.33 1446.798 0.03169
E -3.1265147693554973 15.74111674301414 67.54299181767713 1.23855e-05
F 1065.128 1447.3229999999999 0.036026
E -3.1253383340261776 16.016905812230494 70.39152099651021 1.26665e-05
F 1087.9940000000001 1447.929 0.0388539
E -3.1241598088097593 16.289576641819497 73.24718214941984 1.29388e-05
F 1109.806 1448.44 0.0244038
E -3.124130748271093 16.532923072452732 75.94093069406222 1.31495e-05
F 1132.365 1448.6750000000002 0.0176522
E -3.124179915646714 16.786033327660597 78.73670735510007 1.3378e-05
F 1155.279 1449.015 0.0160126
E -3.1241982697068993 17.04683713443612 81.5760402551632 1.36196e-05
F 1170.565 1449.059 0.0139984
E -3.124274230036255 17.097929564207313 83.25032014723669 1.3427e-05
F 1192.37 1449.284 -0.00201584
E -3.12529679624906 17.335753811066315 85.89196202091381 1.363e-05
F 1214.259 1449.284 -0.00417474
E -3.1260531814860637 17.545565686883698 88.53074677606222 1.37718e-05
F 1236.429 1449.35 0.0049879
E -3.1262209243291306 17.77314323076491 91.1963013487867 1.39478e-05
F 1258.8490000000002 1449.4099999999999 -0.00295766
E -3.127014568930983 18.005510161488715 93.88226192324366 1.41329e-05
F 1280.348 1449.4299999999998 -0.0146871
E -3.1282174258183626 18.207805451745976 96.40709683748064 1.42516e-05
F 1302.627 1449.217 -0.0106235
E -3.1289509400192994 18.42374680881922 99.03339362823291 1.43983e-05
F 1325.084 1449.0819999999999 -0.0108234
E -3.1297445323761752 18.642904467034505 101.66686831526299 1.45497e-05
F 1348.81 1448.91 -0.0162837
E -3.1308326468504206 18.916072717574966 104.47294957520543 1.48212e-05
F 1371.246 1448.804 -0.00181984
E -3.1310002341124963 19.1503312052031 107.05988891611564 1.49979e-05
F 1393.7640000000001 1448.757 0.00552819
E -3.131044980687505 19.369486243017143 109.6367661994897 1.51371e-05
F 1416.336 1448.9769999999999 0.00868314
E -3.1310720668972767 19.583580903943343 112.19960275766891 1.5263e-05
F 1439.2759999999998 1449.042 0.00875819
E -3.1311336045185962 19.808367156601182 114.7954641551193 1.54128e-05
F 1462.929 1449.234 -0.00230394
E -3.131738643212065 20.073654140862377 117.47681009217537 1.56562e-05
F 1478.778 1449.094 -0.00795892
E -3.132174435232375 20.12539015573494 118.92957441729725 1.53828e-05
F 1501.2150000000001 1448.809 0.000593161
E -3.1322996419188534 20.33324826632482 121.37539501455804 1.54986e-05
F 1524.017 1448.659 0.00887439
E -3.132191107483034 20.55186220361659 123.85220409812476 1.56403e-05
F 1546.424 1448.9340000000002 -0.001431
E -3.1326664412361938 20.757939293018538 126.24207086509377 1.57472e-05
F 1569.221 1448.9499999999998 -0.00173919
E -3.1329823215699895 20.965214886672715 128.66776894294716 1.58571e-05
F 1591.239 1448.801 -0.00643379
E -3.133450216350672 21.145870379133594 130.94667680360917 1.58986e-05
F 1613.624 1448.693 -0.0104852
E -3.134008605391538 21.337053129326353 133.25706421708497 1.59678e-05
F 1636.146 1448.626 -0.000675814
E -3.1341078031384697 21.537617524868445 135.561991470148 1.60624e-05
F 1657.9470000000001 1448.756 0.0039438
E -3.134156173215809 21.706381857067946 137.73143427219202 1.60746e-05
F 1679.925 1448.837 0.00914353
E -3.1340634067994193 21.879559157111157 139.90133091250587 1.61013e-05
F 1702.682 1448.8020000000001 0.00061986
E -3.1343553599401166 22.081427975259455 142.1637543066918 1.62027e-05
F 1724.787 1448.8339999999998 0.00537446
E -3.134353084580771 22.255384291013012 144.30086753051535 1.6231e-05
F 1747.141 1448.8229999999999 0.0053455
E -3.134402419620729 22.43411843269844 146.4525787760245 1.62735e-05
F 1770.2069999999999 1448.8539999999998 -0.00307889
E -3.1347645565281055 22.641958066535597 148.68130929916254 1.63938e-05
F 1785.297 1448.7649999999999 0.000725929
E -3.1348268113408926 22.678963169448345 149.68768195666203 1.60531e-05
F 1807.964 1449.0 -0.00185962
E -3.1350718949379437 22.865471976017165 151.81010404882136 1.61329e-05
F 1830.274 1448.81 -0.00376749
E -3.135325460423393 23.038362391516987 153.851743111078 1.61752e-05
F 1852.063 1448.8180000000002 -0.0164938
E -3.1359621963098907 23.20894563279527 155.79017087934 1.62107e-05
F 1874.271 1448.792 -0.0144154
E -3.136383440973732 23.37652481594799 157.76679177675308 1.62399e-05
F 1896.006 1448.982 -0.00937321
E -3.136652213191002 23.530701499818672 159.64917346145717 1.62333e-05
F 1917.9621 1448.883 -0.021101
E -3.137324855443907 23.701106359854872 161.53858689897856 1.6273e-05
F 1939.565 1448.659 -0.0239382
E -3.137930246757292 23.849522242484046 163.35268681232415 1.62518e-05
F 1962.6947 1448.583 -0.0283046
E -3.1386731191819566 24.044476423835746 165.3639263972152 1.63652e-05
F 1984.9446 1448.576 -0.032363
E -3.139445451055296 24.21071618344728 167.2225350300747 1.63937e-05
F 2007.45143 1448.224 -0.0398603
E -3.1403800752512234 24.388087937523416 169.09403054736032 1.64537e-05
F 2022.9449 1448.5430000000001 -0.0415224
E -3.140988571867142 24.4278975804067 169.9316342527228 1.61165e-05
F 2044.557 1448.425 -0.0359732
E 3.141537240719466 24.5743242308004 171.63405864978984 1.61051e-05
F 2067.5391 1448.219 -0.0260709
E 3.14109391405514 24.76398926116013 173.5086664575379 1.62248e-05
F 2089.5772 1447.9250000000002 -0.0227749
E 3.140685701596825 24.91797053123013 175.22349940748458 1.62365e-05
F 2111.276 1447.632 -0.0251971
E 3.1402007608309876 25.062883148698898 176.8680564383367 1.62212e-05
F 2134.272 1447.51 -0.0138836
E 3.140037910272831 25.250383642920006 178.67239749296857 1.63423e-05
F 2157.13 1446.955 -0.0122808
E 3.1398306014638093 25.423825888131088 180.4358586235286 1.64173e-05
F 2179.814 1447.1370000000002 -0.0186747
E 3.1394276808816577 25.59575277745796 182.14939593574076 1.64826e-05
F 2202.653 1446.988 -0.018487
E 3.1391026671222777 25.766732881800554 183.8619195934763 1.65467e-05
F 2224.703 1446.964 -0.0209612
E 3.138733071512073 25.915522192264948 185.44143471592918 1.65412e-05
F 2247.61 1447.203 -0.0233275
E 3.138311047484268 26.087885674813823 187.11726195361518 1.66098e-05
F 2262.772 1447.387 -0.0252259
E 3.138044355120829 26.12187771601877 187.70438195361706 1.62519e-05
F 2284.859 1446.9189999999999 -0.0236222
E 3.1377001899704378 26.269096253419665 189.23076410041938 1.62629e-05
F 2307.46 1446.473 -0.0279838
E 3.137231413022857 26.432429112687238 190.80730906126934 1.63227e-05
F 2329.982 1446.396 -0.0234584
E 3.1369192701052486 26.59045649677942 192.35070216480335 1.63694e-05
F 2352.532 1446.2150000000001 -0.022515
E 3.1366038657933153 26.747379658405812 193.87668163399408 1.64124e-05
F 2374.551 1445.634 -0.0118682
E 3.136557229904426 26.89500212679889 195.3098790655493 1.64338e-05
F 2396.804 1445.5639999999999 -0.00315168
E 3.1366258474402278 27.04386349510114 196.75412815811092 1.64644e-05
F 2419.717 1445.801 0.00667539
E 3.136855999890467 27.209964768154265 198.26526502974696 1.65567e-05
F 2442.1530000000002 1445.644 0.00554661
E 3.1369825121240376 27.356322527246963 199.69309356556434 1.65796e-05
F 2464.9539999999997 1445.672 0.00213111
E 3.1370336308226574 27.513174545112733 201.148763919767 1.6635e-05
F 2487.213 1445.546 0.00615645
E 3.137205343522551 27.654209984822728 202.51117171681005 1.66415e-05
F 2502.331 1444.9920000000002 0.00841112
E 3.1373588084878614 27.682722996780743 202.91740769949607 1.62791e-05
F 2524.526 1444.93 0.00922786
E 3.1375449554718946 27.82048233052013 204.2416969252293 1.62964e-05
F 2546.475 1445.608 0.0102736
E 3.1377332584438813 27.951431737288516 205.5142755718826 1.62917e-05
F 2569.325 1445.851 0.00980428
E 3.1379113429431906 28.10486010584413 206.88479726270594 1.63635e-05
F 2591.454 1446.011 0.00345257
E 3.137950256303127 28.242668287887327 208.14253334669576 1.63781e-05
F 2613.879 1446.19 0.00143016
E 3.1379907497065926 28.384924987710953 209.42076910717816 1.6409e-05
F 2636.292 1445.833 -0.0109368
E 3.1377878606992082 28.537725095215784 210.6777889251496 1.64718e-05
F 2659.169 1445.133 -0.0176229
E 3.1375338448515087 28.694700297402317 211.97694845157636 1.65478e-05
F 2681.839 1445.018 -0.00870901
E 3.137516474976426 28.846332194074737 213.2304894215391 1.66077e-05
F 2703.961 1445.2040000000002 0.00468352
E 3.1377107079577526 28.989092559675708 214.39608208306086 1.66409e-05
F 2726.9790000000003 1442.753 0.00409259
E -3.14044242750627 29.166323179299923 481.48889456788163 1.66616e-05
F 2749.665 1442.0079999999998 0.0106016
E -3.140385872955679 29.31140477666908 476.2410934075495 1.66679e-05
F 2772.313 1446.1970000000001 0.00486712
E -3.1403866403334915 29.456337721929007 471.1966910622481 1.6672e-05
F 2787.014 1445.016 0.00904598
E -3.14035244635621 29.48033669095909 465.70331998879686 1.62635e-05
F 2809.2439999999997 1446.905 0.0122025
E -3.1403040357039362 29.610530443903325 461.0288510351935 1.62543e-05
F 2830.961 1446.635 0.0182939
E -3.1402254021930074 29.72994473515153 456.48536437222697 1.62155e-05
F 2853.673 1449.229 0.0202738
E -3.140149227507283 29.86994067902021 452.1804663448342 1.62554e-05
F 2876.588 1450.202 0.0218771
E -3.1400672558607567 30.014330058092355 448.0393007216709 1.63131e-05
F 2899.916 1447.894 0.0354115
E -3.139901581756412 30.18167777867706 444.06988338150575 1.64617e-05
F 2922.139 1449.546 0.051387
E -3.1396825498084424 30.32278890575261 440.14935359827257 1.65157e-05
F 2944.62 1452.1680000000001 0.0678459
E -3.1393997148213804 30.47094883383209 436.3755965646635 1.65964e-05
F 2966.5879999999997 1451.9589999999998 0.0897614
E -3.139029140718037 30.623003912940067 432.6825905110443 1.66875e-05
F 2988.306 1453.335 0.117858
E -3.138549444886867 30.794011953499066 429.0867585090547 1.68373e-05
F 3010.8 1454.1889999999999 0.130687
E -3.138033653424994 30.948863608874998 425.65893957641634 1.68971e-05
F 3033.48 1457.4589999999998 0.155026
E -3.137400235052192 31.149949934554794 422.3450817981366 1.70892e-05
F 3056.35 1459.9470000000001 0.181898
E -3.136649788383827 31.384541370942067 419.1402128917429 1.73443e-05
F 3077.98 1462.607 0.197637
E -3.135900697590782 31.57039055088834 415.94659866437706 1.73442e-05
F 3114.1499999999996 1471.993 0.22895
E -3.134419186806962 32.76128836372331 413.84931797062194 2.10302e-05
F 3137.13 1474.504 0.242622
E -3.1334253063482307 33.03862081047239 410.901982880275 2.09459e-05
F 3158.7200000000003 1478.943 0.267275
E -3.132380116837023 33.34866917601292 407.93661120839454 2.08492e-05
F 3179.83 1485.938 0.286828
E -3.1312895830853207 33.67550293451526 405.02566955948294 2.06674e-05
F 3200.81 1491.0900000000001 0.30709
E -3.1301238778758993 34.052281291582126 402.18325691012916 2.05052e-05
F 3221.71 1497.251 0.327345
E -3.1288795237168157 34.48324918833014 399.41437195651275 2.03595e-05
F 3242.9300000000003 1502.675 0.345966
E -3.127536735927192 34.98215111201136 396.7406005232844 2.02497e-05
F 3263.58 1510.715 0.364652
E -3.1261543644832988 35.520843646167364 394.1024164689485 2.01055e-05
F 3284.51 1518.884 0.393897
E -3.1246107798763814 36.19002853273234 391.54607562175875 2.01563e-05
F 3305.75 1527.997 0.418015
E -3.1229344680462052 36.94097193199841 389.0799655504242 2.01876e-05
F 3319.62 1533.345 0.438616
E -3.1218864933409027 37.39370071888402 386.1885758881877 1.96803e-05
F 3339.76 1539.896 0.460377
E -3.120132369291971 38.228001762534156 383.78301145470687 1.9638e-05
F 3360.04 1550.408 0.476282
E -3.118283511081421 39.13385137760995 381.4576800594728 1.95739e-05
F 3380.56 1559.3020000000001 0.504
E -3.116271657868584 40.19089388289876 379.1930702806864 1.97098e-05
F 3399.6400000000003 1569.906 0.531072
E -3.1142953214283233 41.24703892629315 376.89561456696845 1.96953e-05
F 3418.84 1582.66 0.559464
E -3.112162672797874 42.42655340324306 374.66516727115396 1.97492e-05
F 3437.8 1593.085 0.602956
E -3.109875253482003 43.789220956647945 372.4551370675532 2.01599e-05
F 3456.88 1606.175 0.642483
E -3.107352647400368 45.30817192599752 370.31446374226897 2.0537e-05
F 3474.34 1615.878 0.687071
E -3.104896201023718 46.84148124938607 368.10927471929233 2.08663e-05
F 3492.3999999999996 1631.821 0.744606
E -3.1020428076206086 48.74652597956073 365.9944688173907 2.19405e-05
F 3508.91 1644.449 0.788842
E -3.0992458886753154 50.58189231209292 363.8284584390394 2.2252e-05
F 3519.99 1653.85 0.808374
E -3.09751440276771 51.73455954759167 361.38952025261705 2.16228e-05
F 3535.35 1671.366 0.840805
E -3.094595021993806 53.69116156751222 359.2920944990737 2.16315e-05
F 3549.9700000000003 1687.548 0.869831
E -3.0916854127287237 55.678838805131896 357.19926778944006 2.15351e-05
F 3564.6400000000003 1703.116 0.906828
E -3.0885608806170635 57.88103106117694 355.1524126953033 2.16961e-05
F 3578.55 1722.81 0.950313
E -3.0853339375683904 60.224859712634924 353.11508927344556 2.20264e-05
F 3591.46 1739.665 0.98973
E -3.082175954972441 62.55960856273688 351.05736052172034 2.21503e-05
F 3603.49 1757.629 1.03329
E -3.079026492160453 64.9584286357066 348.99233881158455 2.23484e-05
F 3614.9700000000003 1776.213 1.06572
E -3.0757670057469957 67.45173424914577 346.9566450535032 2.23111e-05
F 3625.79 1793.608 1.10065
E -3.07252663884928 69.99030150635173 344.9250392404848 2.23095e-05
F 3636.35 1814.243 1.14398
E -3.0690126198174763 72.81556665776584 342.93227210676525 2.26878e-05
F 3645.77 1834.356 1.18445
E -3.065640968262418 75.5933073324344 340.9197513881296 2.2868e-05
F 3654.12 1853.31 1.22831
E -3.0624996927373807 78.28654876062302 338.8799806467632 2.30239e-05
F 3659.41 1868.483 1.26275
E -3.0607340903225335 79.98314949169793 336.71003221969596 2.24685e-05
F 3666.3 1889.106 1.31083
E -3.0575568838610026 82.88184593838508 334.6940014608057 2.28894e-05
F 3672.27 1909.5562 1.34828
E -3.0544935853008734 85.7511818281646 332.6775237599815 2.2941e-05
F 3677.11 1932.0144 1.38812
E -3.051578316964054 88.6068812027036 330.6608089924326 2.30087e-05
F 3681.25 1951.9948 1.43309
E -3.048882116529554 91.42094551832056 328.6365937027346 2.31818e-05
F 3684.36 1973.9742 1.46875
E -3.046170716689314 94.33986954215732 326.6311972466328 2.31642e-05
F 3686.9 1995.00879 1.50909
E -3.043572093715757 97.32020378899072 324.6326430512947 2.33101e-05
F 3688.4300000000003 2018.5405 1.54338
E -3.04116240350707 100.25576175049957 322.6451723423536 2.32725e-05
F 3689.2 2041.2343 1.57671
E -3.0388737114383844 103.2325979048515 320.6737138117424 2.32536e-05
F 3689.5299999999997 2061.2852 1.60572
E -3.036932810231991 106.00972386160178 318.71611733137524 2.30562e-05
F 3689.3199999999997 2081.5012 1.63343
E -3.035217128228899 108.7085563629091 316.7795365447273 2.28249e-05
F 3688.42 2101.845 1.66045
E -3.0335968987348223 111.4742790879421 314.86772635794796 2.26471e-05
F 3687.54 2116.105 1.68137
E -3.033133972555774 113.02339626307976 312.97937136041224 2.20038e-05
F 3685.23 2138.522 1.70891
E -3.031774553349846 115.84454773250384 311.1192950632468 2.19505e-05
F 3682.3199999999997 2160.874 1.73557
E -3.030629183960882 118.6425058459699 309.2820004568468 2.18948e-05
F 3678.6099999999997 2184.34 1.7666
E -3.02977628636729 121.37887606435082 307.46437752259203 2.18995e-05
F 3674.36 2206.083 1.7989
E -3.029195902943933 124.11640859714855 305.6661857598018 2.19637e-05
F 3669.8599999999997 2226.513 1.82759
E -3.028970698368814 126.67406004484592 303.8930445267788 2.18825e-05
F 3664.1099999999997 2250.633 1.85647
E -3.028976169419269 129.33808565362176 302.1429870102174 2.19006e-05
F 3658.3 2271.145 1.87593
E -3.029260795593835 131.83947410396132 300.42753380472783 2.17217e-05
F 3651.93 2291.5860000000002 1.89862
E -3.0298389466064215 134.30298423510615 298.7430056512534 2.15981e-05
F 3645.42 2311.484 1.91893
E -3.030710362700429 136.61654710318336 297.093367575925 2.14021e-05
F 3638.21 2332.989 1.94435
E -3.0319147989249102 138.96076710868115 295.47187718049724 2.13323e-05
F 3630.23 2354.029 1.95476
E -3.0332831457211644 141.3308599534605 293.8878834263422 2.11504e-05
F 3625.2200000000003 2367.617 1.96813
E -3.0347674103203026 142.3132651344131 292.3765715080164 2.05518e-05
F 3616.3900000000003 2390.046 1.97582
E -3.0365395597019007 144.71261631632555 290.8611501711494 2.04674e-05
F 3607.6 2409.858 1.99667
E -3.0386646066681884 146.85245656971856 289.38189473330726 2.03689e-05
F 3597.99 2431.87 2.01725
E -3.041181863515626 149.060710201163 287.93368103493015 2.03488e-05
F 3588.16 2453.256 2.04895
E -3.044248188334216 151.22064994104412 286.51821937079006 2.05278e-05
F 3577.99 2472.921 2.07666
E -3.0476624720786143 153.17984696785834 285.1377903451303 2.05294e-05
F 3566.84 2493.227 2.11309
E -3.0517407375562606 155.14682754058788 283.79422457846294 2.0767e-05
F 3555.24 2511.784 2.16595
E -3.0565385195308186 156.94933256651424 282.49673804652275 2.1476e-05
F 3542.59 2530.1369999999997 2.20297
E -3.061768214569391 158.58439372967547 281.23298182359633 2.15699e-05
F 3528.8500000000004 2549.251 2.25545
E -3.067810002103049 160.12880474137495 280.02502726024085 2.21602e-05
F 3514.76 2566.9790000000003 2.31096
E -3.0743601395456666 161.43613414791798 278.87026480314364 2.2736e-05
F 3503.74 2578.119 2.3556
E -3.079178541305935 161.8496870713735 277.73175690744927 2.23326e-05
F 3488.02 2592.4300000000003 2.40564
E -3.0864211707725673 162.813043427247 276.67383846319365 2.25613e-05
F 3471.34 2606.513 2.46826
E -3.0943649197850274 163.64912562364225 275.6926979131246 2.33395e-05
F 3453.19 2619.999 2.52663
E -3.1029316035022796 164.34581679855006 274.7857392602779 2.39121e-05
F 3434.31 2631.962 2.59044
E -3.111937303560624 164.86405661345205 273.965495705128 2.47409e-05
F 3414.2200000000003 2642.263 2.64781
E -3.1214549233291025 165.2401235920591 273.23881780464694 2.52921e-05
F 3394.34 2653.398 2.71828
E -3.1303236332803754 165.30966421605268 272.5783647261388 2.6281e-05
F 3372.94 2661.739 2.78331
E -3.1395988905023593 165.23563274781134 272.0292919345827 2.7052e-05
F 3351.48 2668.44 2.84712
E 3.134788147924198 164.95407105672606 271.5605907377073 2.76631e-05
F 3330.38 2673.257 2.91594
E 3.1269029017437195 164.45963721970037 271.1499174360275 2.84014e-05
F 3309.2200000000003 2677.489 2.98105
E 3.119654788449916 163.79978768415995 270.8138282189891 2.89177e-05
F 3286.5 2680.429 3.03537
E 3.1126899009482134 163.03312987800626 270.5886149899532 2.90237e-05
F 3264.32 2683.114 3.10768
E 3.1071078586580985 162.12367775613467 270.389835442875 2.99751e-05
F 3242.88 2682.971 -3.12177
E 3.10262113250119 161.11741137615488 270.21182385574264 2.98165e-05
F 3228.42 2682.614 -3.08628
E 3.10147268403816 160.1743077682518 269.64085582671134 2.86604e-05
F 3205.8599999999997 2680.873 -3.03281
E 3.098359802727751 159.10712925044737 269.5415949750269 2.86588e-05
F 3183.82 2677.942 -2.97415
E 3.0963296667448277 157.9990858277351 269.4550776615649 2.88803e-05
F 3161.91 2674.073 -2.92003
E 3.095286558163102 156.8697511301786 269.3779986939465 2.89149e-05
F 3140.9300000000003 2669.11 -2.88307
E 3.0950791864292313 155.7783519894863 269.2829460835567 2.83894e-05
F 3119.15 2662.697 -2.83932
E 3.095584013450744 154.6993541623009 269.2358813787029 2.8164e-05
F 3098.06 2655.933 -2.78913
E 3.096982797384805 153.65971470639232 269.15723485789886 2.81384e-05
F 3077.38 2647.285 -2.74851
E 3.0990613235166027 152.6682638025953 269.07387689536336 2.78326e-05
F 3056.76 2638.785 -2.71537
E 3.101711193881696 151.74371711164878 268.9914855848413 2.74071e-05
F 3036.48 2628.733 -2.68263
E 3.1049052663842738 150.8937625869172 268.9012781902739 2.70146e-05
F 3017.2000000000003 2620.082 -2.65391
E 3.1085213042503916 150.13743115476223 268.75886360499635 2.65323e-05
F 2997.238 2609.886 -2.63032
E 3.1125502378149323 149.45040348307143 268.6564291036921 2.60866e-05
F 2984.506 2603.645 -2.62122
E 3.1158457818555463 148.99259114744206 268.0520617028923 2.51244e-05
F 2965.31 2592.2129999999997 -2.61261
E 3.1200355373965674 148.47497055222374 267.9153002714035 2.45941e-05
F 2945.748 2580.991 -2.59875
E 3.1245684032529395 148.02436759848482 267.81978380446174 2.4195e-05
F 2926.263 2569.608 -2.58596
E 3.1293022986042853 147.64938839308618 267.7191310070081 2.3811e-05
F 2906.904 2557.006 -2.56027
E 3.1344151483178067 147.34119947652664 267.61039018845736 2.35992e-05
F 2887.592 2545.589 -2.54067
E 3.139786594913839 147.09839281952705 267.5003043548028 2.33464e-05
F 2869.206 2531.9139999999998 -2.52445
E -3.1379790640597394 146.92191320834473 267.345565549907 2.30122e-05
F 2850.291 2517.1530000000002 -2.50051
E -3.1320281142154633 146.81055214533978 267.24812773671675 2.2893e-05
F 2833.369 2504.057 -2.47154
E -3.126275410000185 146.7564422544982 267.0003214544921 2.26554e-05
F 2816.152 2488.622 -2.44077
E -3.1200432506205393 146.7647941006894 266.7846420103343 2.25412e-05
F 2798.7200000000003 2472.758 -2.4161
E -3.1134126379007103 146.836614763549 266.59765296187646 2.24156e-05
F 2782.41 2457.435 -2.38355
E -3.1067993335863053 146.96430673606514 266.3230041614651 2.23149e-05
F 2771.687 2447.657 -2.36069
E -3.102396827700392 147.0417353108442 265.60897589647766 2.16701e-05
F 2756.451 2430.31 -2.31327
E -3.0952542054836445 147.2886917923908 265.2926992400773 2.19902e-05
F 2741.6440000000002 2413.5789999999997 -2.27832
E -3.0880075043281447 147.58130578407426 264.9275527065231 2.19533e-05
F 2714.429 2379.429 -2.20044
E -3.0732669099114114 148.72311454972174 265.7292516804094 3.37525e-05
F 2701.44 2361.014 -2.1583
E -3.064802943347243 149.26524353095493 265.2578218896565 3.29636e-05
F 2689.493 2342.0299999999997 -2.12114
E -3.0564532526995327 149.88564589701835 264.7225777187009 3.20669e-05
F 2678.5029999999997 2323.261 -2.06968
E -3.0479915847391212 150.61997900509613 264.12827740418936 3.16661e-05
F 2671.251 2309.562 -2.04037
E -3.0426569198246884 151.09767439099173 263.21895409265994 3.03277e-05
F 2661.857 2289.326 -1.99664
E -3.0343294584074507 151.94710615799303 262.54409521109324 2.97899e-05
F 2652.828 2268.383 -1.95866
E -3.0254598560911217 152.92951633118042 261.8773816783558 2.92819e-05
F 2644.592 2245.761 -1.9148
E -3.016375009467576 154.02666356126835 261.1818560164237 2.90141e-05
F 2637.657 2225.062 -1.88426
E -3.0079482404536506 155.0974344106206 260.41838613900376 2.83302e-05
F 2631.035 2203.227 -1.85206
E -2.9989833045581045 156.30574276360383 259.6685671757714 2.78368e-05
F 2625.316 2181.498 -1.80308
E -2.99013155663627 157.59800397574523 258.8660254704371 2.78112e-05
F 2620.376 2160.181 -1.7728
E -2.981103210031739 158.9566530230836 258.0543207537882 2.7366e-05
F 2616.311 2137.734 -1.75341
E -2.972529488323098 160.28308270171428 257.22380022003296 2.67253e-05
F 2612.491 2116.794 -1.72852
E -2.9641548313833073 161.62966798314318 256.3744340367403 2.6177e-05
F 2610.532 2102.886 -1.71024
E -2.9600987432786328 162.32506131328708 255.34794784692824 2.52147e-05
F 2607.907 2080.8521 -1.69708
E -2.9515405064350033 163.7372568891685 254.52379202426334 2.47127e-05
F 2605.094 2058.807 -1.69682
E -2.9424044489276797 165.22550478323785 253.75437448273527 2.42753e-05
F 2602.443 2035.5625 -1.69602
E -2.9329374295451265 166.75036452655016 253.01791622385684 2.38959e-05
F 2599.976 2013.466 -1.68667
E -2.923757199570397 168.2287923133412 252.27083350398382 2.35001e-05
F 2597.647 1990.60038 -1.69144
E -2.914176678667422 169.71530102328927 251.57248776162766 2.31398e-05
F 2595.694 1966.8908 -1.68198
E -2.9040279042613735 171.27765285745684 250.89233872647546 2.28712e-05
F 2594.162 1945.3565 -1.66296
E -2.8944858417008397 172.74795163368015 250.1757286516174 2.2581e-05
F 2592.958 1922.5633 -1.64571
E -2.8848994296630917 174.20635977813862 249.45619698225522 2.22829e-05
F 2592.126 1899.832 -1.63835
E -2.8747887619863146 175.69151620124276 248.76543396321853 2.19829e-05
F 2591.284 1876.532 -1.63484
E -2.864088058838164 177.20257491409998 248.10632286141518 2.17265e-05
F 2591.016 1860.3220000000001 -1.62355
E -2.8585825625983206 177.9593213158118 247.27612087869633 2.10967e-05
F 2590.2219999999998 1838.969 -1.62337
E -2.8478992092416426 179.37659363439795 246.63087328256387 2.08357e-05
F 2590.096 1815.819 -1.60859
E -2.8365387216826723 180.85877880994255 245.9961425050732 2.06839e-05
F 2590.0950000000003 1793.044 -1.59479
E -2.825263220945239 182.27958408361212 245.35413839245788 2.04897e-05
F 2590.363 1772.3220000000001 -1.59064
E -2.8139158556604347 183.6285012757059 244.72448491975229 2.02336e-05
F 2590.487 1749.71 -1.59099
E -2.8011581944051542 185.060893848528 244.14998580377565 2.0075e-05
F 2590.545 1725.766 -1.58612
E -2.7869659521436434 186.581515111378 243.6187353606915 2.00239e-05
F 2591.115 1701.417 -1.59702
E -2.772314241526645 188.00376659896125 243.1307955496451 1.9957e-05
F 2590.768 1678.755 -1.59947
E -2.75729268653452 189.36542419634267 242.65610670028315 1.98262e-05
F 2590.833 1656.917 -1.60542
E -2.742238699101043 190.6117490647654 242.19756629345164 1.96444e-05
F 2590.15 1635.333 -1.61404
E -2.7261222547967865 191.83717428032466 241.78709346063192 1.94969e-05
F 2589.554 1611.855 -1.63271
E -2.7082168026735958 193.06547896071612 241.46784637642605 1.94902e-05
F 2588.817 1596.565 -1.64367
E -2.6982236076241004 193.57556858545342 240.9133646081479 1.90066e-05
F 2587.309 1575.324 -1.64863
E -2.6794802746812936 194.67851111986536 240.63775121155132 1.88926e-05
F 2586.4390000000003 1552.25 -1.66171
E -2.6591478849101384 195.75938399285118 240.4423290078921 1.88648e-05
F 2584.967 1529.152 -1.67347
E -2.6374601008063285 196.80564236815604 240.31341854348761 1.88548e-05
F 2582.9809999999998 1507.8139999999999 -1.68827
E -2.616201069421706 197.7011305517714 240.20046415140715 1.87761e-05
F 2580.745 1484.9 -1.69769
E -2.5925353670237805 198.62935804052643 240.19341815380446 1.87689e-05
F 2578.928 1462.856 -1.70146
E -2.5692243798293446 199.4450772925717 240.19244605890526 1.86745e-05
F 2576.267 1439.996 -1.706
E -2.5445327748238453 200.23840793659204 240.2682458982438 1.86278e-05
F 2573.094 1417.17 -1.71978
E -2.518690618070895 200.97889089507498 240.44331018887908 1.86666e-05
F 2570.382 1395.154 -1.73031
E -2.494539239539685 201.56134713380257 240.59462450688028 1.85661e-05
F 2567.295 1372.1640000000002 -1.75075
E -2.4694346305836543 202.09233516299247 240.863422022458 1.86042e-05
F 2565.427 1357.452 -1.74727
E -2.4561509014227725 202.15588574824685 240.62574229982494 1.81411e-05
F 2561.866 1335.471 -1.76249
E -2.4306067224715315 202.60652579842738 240.9965678259572 1.81833e-05
F 2558.701 1312.951 -1.75349
E -2.404820520151283 203.04059591976562 241.39442083144021 1.81809e-05
F 2555.57 1289.8049999999998 -1.75044
E -2.3788296316382467 203.43624639244965 241.86193097250862 1.81948e-05
F 2552.441 1266.759 -1.7517
E -0.7821587907755889 242.39976011341236 203.7844603912677 1.82339e-05
F 2548.925 1244.476 -1.74881
E -0.7581819029990731 242.89135739666068 204.0442072248258 1.81791e-05
F 2545.565 1221.981 -1.75316
E -0.7345418756041542 243.45480897258798 204.2590413864725 1.81594e-05
F 2542.779 1201.351 -1.75645
E -0.7130011065930238 243.96887733949157 204.38795681181443 1.80556e-05
F 2539.32 1178.961 -1.75786
E -0.6910133043158563 244.58911744521433 204.51017976465414 1.80248e-05
F 2536.118 1157.666 -1.76528
E -0.670618394320541 245.20828713122143 204.56574963119428 1.79746e-05
F 2533.335 1134.8609999999999 -1.76269
E -0.6498609398913304 245.9234261301149 204.6226245565869 1.79813e-05
F 2530.892 1113.993 -1.75765
E -0.6319404903973874 246.48390387749794 204.60128330318062 1.78425e-05
F 2527.859 1091.196 -1.7512
E -0.6127434714171459 247.21280024330525 204.60775008748726 1.78463e-05
F 2524.702 1069.737 -1.75937
E -0.5956936653794594 247.88954001961423 204.54406847636542 1.779e-05
F 2521.1980000000003 1047.1660000000002 -1.75671
E -0.5778828713979819 248.70757407951743 204.49827039728564 1.78334e-05
F 2518.852 1032.691 -1.74727
E -0.5688372382644105 248.6949160783564 204.25618403558622 1.74203e-05
F 2515.5389999999998 1011.946 -1.74456
E -0.5536678059693017 249.34697731914326 204.1466014946285 1.73341e-05
F 2512.321 990.0199999999999 -1.75196
E -0.5385934675503128 250.12152982080653 204.02688626771572 1.73488e-05
F 2508.507 968.3699999999999 -1.75283
E -0.5241535927065131 250.90512255213847 203.89119519267228 1.73485e-05
F 2504.864 946.5900000000001 -1.76212
E -0.5107298327220864 251.7109232103394 203.72680514993266 1.73738e-05
F 2501.458 924.56 -1.76987
E -0.4986609649894115 252.4537810497187 203.52969914413157 1.73316e-05
F 2496.946 902.0300000000002 -1.79095
E -0.4871301933728384 253.3290488335468 203.31476340170298 1.74812e-05
F 2492.542 881.3800000000001 -1.81702
E -0.4775021374088312 254.12051933524032 203.05236184981388 1.75958e-05
F 2486.978 859.9399999999998 -1.8423
E -0.46876430429186566 254.95843665460276 202.76574064333678 1.77246e-05
F 2480.331 839.8300000000002 -1.85598
E -0.4607855484580672 255.76780628367646 202.46130313923138 1.77064e-05
F 2474.009 817.72 -1.87533
E -0.45355927463171486 256.63264890279976 202.14087542387935 1.77812e-05
F 2467.525 796.6700000000001 -1.89435
E -0.44742906171314806 257.4309486824609 201.7976874506945 1.77934e-05
F 2460.5389999999998 775.7099999999998 -1.91565
E -0.4418886031079532 258.30762794080493 201.44334029099767 1.78976e-05
F 2453.556 754.8299999999999 -1.93758
E -0.43735723482153765 259.12662640268115 201.06936984325912 1.79592e-05
F 2447.949 740.71 -1.95693
E -0.43551261740835007 259.17208408052096 200.65849305065404 1.75795e-05
F 2439.666 720.0899999999999 -1.97527
E -0.43217765701838595 259.96122280124337 200.26398238246014 1.76046e-05
F 2432.18 699.6899999999998 -1.99472
E -0.42947967761840533 260.751641306683 199.86078043445877 1.76523e-05
F 2422.917 679.3800000000001 -2.01407
E -0.4273397455343103 261.543946799789 199.45115665843892 1.77018e-05
F 2413.313 658.8599999999999 -2.03255
E -0.42572445555642924 262.3398240634615 199.0365964096856 1.77542e-05
F 2402.386 639.6700000000001 -2.04877
E -0.42455796869054113 263.10901882985144 198.61871565991177 1.77678e-05
F 2391.296 620.04 -2.07294
E -0.4240151065399961 263.9529862283187 198.19578971601038 1.79486e-05
F 2379.544 600.1000000000001 -2.0958
E -0.4240542918303777 264.7609503791377 197.76726006681633 1.80841e-05
F 2367.423 579.6099999999999 -2.11185
E -0.4244010647202845 265.6049773920084 197.33916485226823 1.81912e-05
F 2355.427 560.8399999999999 -2.12296
E -0.4250176303862062 266.33613608489594 196.9151152536742 1.81681e-05
F 2342.782 542.5899999999999 -2.13911
E -0.4260305265967841 266.98424994392474 196.4927741212891 1.81209e-05
F 2331.665 523.9799999999998 -2.16259
E -0.4276021701159362 267.65624116740247 196.06985123709686 1.81946e-05
F 2318.71 505.94000000000005 -2.18741
E -0.42963081784149204 268.2936728344954 195.64765553662212 1.82613e-05
F 2305.134 487.5899999999999 -2.21021
E -0.4320620940360479 268.9365013561397 195.2265561810664 1.8324e-05
F 2296.825 475.17999999999984 -2.22562
E -0.43406642567258075 268.78523920000254 194.8236258470656 1.78973e-05
F 2282.924 458.3699999999999 -2.24918
E -0.4370797880561095 269.36112854220846 194.41021688807368 1.79586e-05
F 2268.901 440.45000000000005 -2.2592
E -0.4401691588743965 269.98699550429444 194.003278989207 1.79597e-05
F 2254.4719999999998 422.9000000000001 -2.29703
E -0.4440884562423679 270.561711767885 193.605552929744 1.83188e-05
F 2238.771 405.85000000000014 -2.3084
E -0.4480753830690257 271.23020013589917 193.20825172398844 1.8393e-05
F 2223.763 389.18000000000006 -2.32491
E -0.4521469622117658 271.7618152620118 192.82184981349025 1.83867e-05
F 2208.403 372.70000000000005 -2.34809
E -0.45671589704381876 272.3393405932367 192.445534022593 1.85227e-05
F 2193.855 356.40999999999985 -2.37218
E -0.4614415084346544 272.8036169399127 192.07794403445018 1.85767e-05
F 2177.652 340.41999999999985 -2.38237
E -0.4661801567287487 273.28908209195123 191.72005009737177 1.85274e-05
F 2161.172 325.76 -2.39186
E -0.47090055733991437 273.7310585927994 191.37478298267362 1.84465e-05
F 2144.551 311.43000000000006 -2.41349
E -0.47588083143338883 274.12035387071126 191.0419629133768 1.84313e-05
F 2132.647 301.6700000000001 -2.42472
E -0.4791506167284375 273.8182641351393 190.71853141742443 1.79782e-05
F 2115.483 287.3000000000002 -2.43399
E -0.48421981054808455 274.21858212457363 190.40461973804224 1.7922e-05
F 2098.7711 273.33000000000015 -2.45159
E -0.4895011071829965 274.59393365631064 190.10305520731038 1.79143e-05
F 2079.4397 259.4200000000001 -2.47531
E -0.4954177819239438 275.07096863768396 189.8188931922381 1.80971e-05
F 2062.0092 245.94000000000005 -2.50395
E -0.5013596149284641 275.4068916183473 189.5456252439499 1.82216e-05
F 2044.1145999999999 233.27999999999997 -2.52226
E -0.5072150815496742 275.67619786838463 189.27858814147797 1.81642e-05
F 2025.5964 220.1500000000001 -2.53403
E -0.5134085805115759 276.03620227770557 189.0278154984118 1.81592e-05
F 2008.16004 207.1099999999999 -2.55906
E -0.5197266410005993 276.31126755399885 188.7930968618886 1.8219e-05
F 1990.98811 195.68000000000006 -2.57667
E -0.5258462215088141 276.49741163577073 188.56479352922477 1.81234e-05
F 1972.2195 184.62000000000012 -2.59704
E -0.532311391595202 276.71748181401404 188.35388304601213 1.81013e-05
F 1953.3321 174.45000000000005 -2.61501
E -0.5388763887121069 276.92316767410193 188.15634245313447 1.80571e-05
F 1932.8729 163.73000000000002 -2.62814
E -0.5458809460260938 277.2277764068716 187.98007870117934 1.80882e-05
F 1914.2478 153.14999999999986 -2.6409
E -0.5524155277097722 277.3950716091516 187.8070133060894 1.79856e-05
F 1892.946 142.51999999999998 -2.68638
E -0.5601184156376079 277.64756275627684 187.68745534931026 1.85733e-05
F 1873.016 133.02999999999997 -2.71579
E -0.567675921290119 277.80626652245223 187.5644643338824 1.86746e-05
F 1858.939 127.18999999999983 -2.74889
E -0.5725803342647519 277.3690494269418 187.39306395914107 1.83364e-05
F 1837.53 119.44000000000005 -2.78214
E -0.580928016371844 277.5201535246724 187.31808345069692 1.85765e-05
F 1815.858 113.0 -2.83082
E -0.5895408517944521 277.5883967869644 187.27835424640736 1.91282e-05
F 1794.051 107.15000000000009 -2.8837
E -0.5984142845850631 277.5754379774483 187.26752583303852 1.97501e-05
F 1771.49 102.38999999999987 -2.9433
E -0.6076832303293045 277.492221029396 187.2974032606241 2.05987e-05
F 1747.615 99.06999999999994 -3.00373
E -0.6176771010102818 277.3822930186901 187.3787968786584 2.15407e-05
F 1725.155 96.6400000000001 -3.05742
E -0.6276259245557632 277.16581367461373 187.48296383962276 2.20536e-05
F 1702.049 95.92000000000007 -3.10994
E -0.6378742122705923 276.8969745976016 187.63479277227657 2.25002e-05
F 1679.8220000000001 96.70000000000005 -3.16083
E -0.6482833838185281 276.56840926086176 187.83414226097577 2.28571e-05
F 1655.959 98.20000000000005 -3.22479
E -0.6592914041565925 276.199219945188 188.12294092340167 2.38818e-05
F 1633.7269999999999 101.15000000000009 -3.28191
E -0.6696915702174665 275.6976360867198 188.42521979871645 2.43178e-05
F 1611.1599999999999 105.42000000000007 -3.34157
E -0.6804813445360983 275.1515571898392 188.80974703655173 2.4933e-05
F 1589.295 110.45000000000005 -3.39459
E -0.6910915661667418 274.53374481674086 189.24117669496937 2.52014e-05
F 1574.318 114.84999999999991 -3.42705
E -0.6970104318840376 273.6444383795466 189.41811250232254 2.44172e-05
F 1553.011 121.78999999999996 -3.46645
E -0.7076102140527661 272.98955361981695 189.95118745207432 2.43502e-05
F 1532.1689999999999 129.93000000000006 -3.52946
E -0.717736527547774 272.2505164675569 190.54240022406702 2.50706e-05
F 1510.911 139.71000000000004 -3.58701
E -0.7276909262337244 271.4493676725443 191.19424884178883 2.55025e-05
F 1491.9099999999999 149.28999999999996 -3.63862
E -0.7364907612450892 270.56922710123325 191.8262060977104 2.55167e-05
F 1473.029 160.46000000000004 -3.69602
E -0.7457223216731997 269.66244758036856 192.5913143549443 2.59476e-05
F 1437.5729999999999 184.24 -3.78249
E -0.7666686366213714 269.11207294344155 194.79974896309233 3.9052e-05
F 1420.007 197.65999999999985 -3.84002
E -0.7742273056058849 268.0317794169196 195.7612454562949 3.8215e-05
F 1403.652 212.36000000000013 -3.88649
E -0.7807413053074 266.93954186049353 196.76262600227162 3.70275e-05
F 1388.435 226.6099999999999 -3.93883
E -2.356239617617812 197.71096309745775 265.8324191498766 3.60339e-05
F 1373.146 243.10000000000014 -3.99117
E -2.3608682232711824 198.8683481874138 264.71377011634576 3.54368e-05
F 1359.437 259.60000000000014 -4.0391
E -2.3637448062575803 199.9727920714525 263.5951107876389 3.46183e-05
F 1350.5749999999998 271.0 -4.07771
E -2.362481662361735 200.42645115155247 262.5423540665284 3.30806e-05
F 1337.483 290.56999999999994 -4.12876
E -2.3630501125644243 201.6001847292286 261.43615954404794 3.26805e-05
F 1325.549 309.52 -4.18509
E -2.361545676867875 202.71047096922038 260.3415352175616 3.24719e-05
F 1314.649 329.44000000000005 -4.24689
E -2.3580833632538436 203.88028539192518 259.25051442283996 3.27301e-05
F 1304.244 349.47 -4.29709
E -0.7815835332565497 258.1921218631954 204.95018469808917 3.23408e-05
F 1295.239 370.1199999999999 -4.34812
E -0.7736213977109082 257.18141455842624 205.94227347906724 3.19711e-05
F 1287.629 391.72 -4.40546
E -0.763097479657062 256.22196900387047 206.90409034086213 3.19651e-05
F 1281.164 413.27 -4.45307
E -0.7499924141145321 255.32431485809389 207.82924299107896 3.16426e-05
F 1275.174 435.3100000000002 -4.48918
E -0.7349653662682586 254.5170407523202 208.62065086343145 3.09202e-05
F 1270.9180000000001 457.25 -4.54475
E -0.717223640721215 253.808154762315 209.3279020487922 3.09404e-05
F 1267.844 478.5 -4.58068
E -0.6981785937138636 253.19658712252422 209.86540512791998 3.02154e-05
F 1265.766 501.06999999999994 -4.63657
E -0.6763433459318117 252.70723477859593 210.34448766382158 3.03162e-05
F 1264.674 522.72 -4.67669
E -0.6541127555147384 252.32256862163598 210.62424210944903 2.97355e-05
F 1263.8029999999999 538.7900000000002 -4.71377
E -0.6380372224961904 251.9594818411286 210.37685117509955 2.86598e-05
F 1264.426 559.78 -4.75385
E -0.615030928001723 251.77442685651428 210.44153102720418 2.8215e-05
F 1265.267 583.6600000000001 -4.8138
E -0.5909112351097633 251.7451010547238 210.39939185973637 2.86351e-05
F 1267.4389999999999 605.04 -4.8723
E -0.568229998750883 251.81864440889305 210.15558600253166 2.88723e-05
F 1272.148 626.28 -4.91798
E -0.546669901055414 251.99742475024897 209.78512320763508 2.85948e-05
F 1277.021 646.99 -4.96928
E -0.527475664955041 252.254375346875 209.2725020597735 2.84642e-05
F 1282.274 669.25 -5.00953
E -0.5090832459584649 252.63720714663114 208.6922173085287 2.81392e-05
F 1288.951 691.3100000000002 -5.04354
E -0.49286835650136696 253.08642400129204 208.04089017844117 2.76756e-05
F 1296.211 712.8600000000001 -5.07013
E -0.4783630555176982 253.60913872398606 207.3509217623061 2.7146e-05
F 1303.943 733.8599999999999 -5.10442
E -0.465805515999712 254.1969941651138 206.6092644520596 2.68177e-05
F 1313.1709999999998 754.8999999999999 -5.12282
E -0.4549121626946992 254.8170363587462 205.8610647532588 2.62553e-05
F 1321.966 775.7 -5.1471
E -0.44555407798403673 255.4901964348529 205.09329468727222 2.58313e-05
F 1331.613 797.3699999999999 -5.1765
E -0.43763971861366485 256.2222518866856 204.30408130557706 2.55623e-05
F 1341.259 817.6399999999999 -5.19784
E -0.43138563275513864 256.9316569409635 203.51381688124042 2.51413e-05
F 1351.345 837.3500000000001 -5.20291
E -0.4262947266531597 257.5911633966992 202.75796541673773 2.45694e-05
F 1358.0529999999999 851.5 -5.20644
E -0.42444457970848815 257.77639766348153 202.04226985370815 2.37336e-05
F 1368.041 871.8499999999999 -5.20956
E -0.419934755954226 258.55216910101484 201.33560503090413 2.33747e-05
F 1378.786 891.7600000000002 -5.20327
E -0.416059858758402 259.2809273740005 200.67112572584603 2.29826e-05
F 1389.5990000000002 912.9000000000001 -5.19417
E -0.41222549485231974 260.0813756517343 200.04294048803993 2.26956e-05
F 1399.421 933.0899999999999 -5.17941
E -0.4087763504431688 260.8270760568883 199.45610142488547 2.23922e-05
F 1409.778 953.02 -5.17558
E -0.4057954117673197 261.5540067108455 198.88313546779926 2.2041e-05
F 1419.7930000000001 973.74 -5.16183
E -0.40248069480335924 262.39293542976634 198.34930661978746 2.18645e-05
F 1429.5839999999998 995.0300000000001 -5.14412
E -0.3992316777831087 263.2082588071039 197.8494692834242 2.1701e-05
F 1439.842 1015.154 -5.1277
E -0.39598312273202846 264.03045088295534 197.37507696399595 2.15418e-05
F 1448.969 1035.9560000000001 -5.10545
E -0.3926903112047083 264.8118142754457 196.93261035223912 2.14045e-05
F 1457.657 1056.971 -5.0845
E -0.3892534808000279 265.6065143317919 196.51381514925512 2.12757e-05
F 1465.284 1078.634 -5.05915
E -0.3855660631104916 266.405631488209 196.12442354630025 2.12139e-05
F 1473.3029999999999 1099.269 -5.03903
E -0.38189695344600494 267.1619582267298 195.74661702430285 2.10564e-05
F 1481.0439999999999 1121.536 -5.02007
E -0.3778511413438543 268.01858496638783 195.39137164321028 2.10047e-05
F 1487.641 1142.1550000000002 -5.0012
E -0.3740199971089442 268.74733332785786 195.0406901883944 2.08269e-05
F 1491.809 1156.9450000000002 -4.9913
E -0.3719635817428057 268.80174884496824 194.6551304689569 2.02389e-05
F 1498.201 1179.034 -4.97495
E -0.3677840740599528 269.6014287949756 194.32786622537614 2.01643e-05
F 1504.041 1201.341 -4.95311
E -0.3633996185313821 270.38893245142697 194.01694567170586 2.01414e-05
F 1508.502 1222.32 -4.92429
E -0.3589228434663638 271.0793117667704 193.72082162755274 2.01197e-05
F 1512.411 1243.8310000000001 -4.90736
E -0.35448364458072135 271.74233215478955 193.42079752466128 1.99476e-05
F 1516.789 1266.4250000000002 -4.88061
E -0.3494136429462118 272.50433697782705 193.15249500918927 2.00078e-05
F 1520.1779999999999 1288.618 -4.8636
E -0.3444358683972014 273.2191881718326 192.87956142298935 1.99081e-05
F 1523.284 1310.5120000000002 -4.83814
E -0.33922023638024157 273.9044418954331 192.6216672909653 1.98906e-05
F 1526.679 1333.563 -4.80387
E -0.333288636048606 274.67404003673335 192.40042029553624 2.0156e-05
F 1529.6770000000001 1356.537 -4.78026
E -0.3272579053896594 275.42703136021095 192.17752312927072 2.0215e-05
F 1531.274 1379.003 -4.7574
E -0.3212280718376692 276.117200426842 191.9558324939442 2.02017e-05
F 1532.314 1402.3139999999999 -4.72918
E -0.3147136227776402 276.8534377662934 191.75811324944013 2.03445e-05
F 1533.5900000000001 1425.194 -4.70838
E -0.30840695619320807 277.4898723952511 191.55122217847438 2.0279e-05
F 1533.3049999999998 1447.167 -4.69316
E -0.30226129665116824 278.0693142920169 191.33924440419312 2.01118e-05
F 1533.974 1461.932 -4.68049
E -0.29834749609791633 277.9978570723452 191.05939250187078 1.95801e-05
F 1533.744 1485.289 -4.66175
E -0.29150598014460305 278.7041237980578 190.88088269378065 1.96393e-05
F 1533.512 1507.05 -4.64212
E -0.28489452111668806 279.3027748649876 190.6979547680521 1.96025e-05
F 1531.915 1529.832 -4.6239
E -0.2781046910483333 279.92032346132976 190.52457194100845 1.95807e-05
F 1530.612 1552.6889999999999 -4.60609
E -0.2711889302970449 280.53954157764207 190.36035724752784 1.95725e-05
F 1529.385 1574.365 -4.58953
E -0.2643466316936766 281.11465186409623 190.19740404991853 1.95188e-05
F 1526.613 1597.068 -4.57575
E -0.25730332846901444 281.73552511200705 190.04629407031763 1.94989e-05
F 1523.989 1618.944 -4.5606
E -0.25055654949043926 282.2550574704392 189.88900055653318 1.9401e-05
F 1521.22 1641.4099999999999 -4.55759
E -0.24381822328849548 282.8216712072282 189.7331080638024 1.9291e-05
F 1519.537 1662.724 -4.56955
E -0.23767645626285233 283.34448222101236 189.55712699581213 1.91512e-05
F 1518.355 1685.358 -4.59253
E -0.2317983164642503 283.9547028309783 189.37654749247804 1.91674e-05
F 1516.327 1707.8220000000001 -4.60236
E -0.22610350481893784 284.55874213510776 189.18792845867637 1.90781e-05
F 1514.9940000000001 1722.685 -4.62064
E -0.2230203824253708 284.4640613955692 188.90459966432212 1.86188e-05
F 1514.055 1745.296 -4.64972
E -0.21806284229286266 285.16890426369133 188.69537896049718 1.88149e-05
F 1513.425 1768.633 -4.67831
E -0.2136542386843552 285.85760912503565 188.46399471866857 1.89617e-05
F 1512.615 1790.9569999999999 -4.70734
E -0.2098582265397526 286.498941691237 188.20695101350847 1.90513e-05
F 1513.463 1813.874 -4.72787
E -0.2061975761551213 287.20512232587555 187.94139434882052 1.90856e-05
F 1514.138 1836.876 -4.74833
E -0.20286971534310805 287.92608046314365 187.66278850409142 1.91318e-05
F 1514.663 1859.332 -4.775
E -0.20016084283890942 288.5736100852036 187.36267387714364 1.91786e-05
F 1515.275 1882.755 -4.77975
E -0.19728185494563616 289.29947830844645 187.06566186892968 1.91271e-05
F 1517.356 1905.3328 -4.7885
E -0.19471369659636992 289.9626444354419 186.7583059250792 1.90354e-05
F 1519.44 1927.0311 -4.78329
E -0.19219880499546432 290.5342894910331 186.45261229047065 1.8867e-05
F 1521.604 1948.9303 -4.78458
E -0.1898130456563894 291.09440576326085 186.14455923645485 1.86969e-05
F 1523.374 1970.883 -4.7895
E -0.18745871593820918 291.7241343878297 185.8380462006408 1.8602e-05
F 1525.5929999999998 1991.79131 -4.78156
E -0.1851194074314016 292.2589719164563 185.53488441351396 1.84496e-05
F 1526.448 2013.8946 -4.78734
E -0.18292245609227514 292.8391100895242 185.22825270993494 1.83388e-05
F 1527.931 2036.7408 -4.78595
E -0.1805625739644942 293.52001089837717 184.93175282307948 1.83192e-05
F 1527.405 2052.1572 -4.78756
E -0.17933517776752306 293.45925930567756 184.59729989293749 1.78837e-05
F 1528.978 2073.8683 -4.79012
E -0.17724637634678472 294.053507584454 184.2946951957094 1.78212e-05
F 1530.696 2096.7623 -4.78406
E -0.17500794760099586 294.6980458254274 184.00220592882656 1.78189e-05
F 1532.019 2118.977 -4.77663
E -0.17282604673484475 295.26705402625 183.71000736666352 1.77598e-05
F 1533.838 2141.101 -4.76037
E -0.17044302801647748 295.83592450673007 183.43147432010755 1.77615e-05
F 1533.785 2163.533 -4.74742
E -0.16803130058133176 296.371747613759 183.1550906100246 1.77168e-05
F 1534.642 2186.319 -4.74281
E -0.16554203972340795 296.9870827536449 182.88363151873284 1.77196e-05
F 1534.151 2209.029 -4.73503
E -0.16305606351610236 297.56260556372 182.61502065857013 1.77002e-05
F 1535.286 2231.262 -4.72104
E -0.16037256399562486 298.16130435568874 182.35840146512126 1.77482e-05
F 1534.871 2254.357 -4.70509
E -0.1575180919501877 298.77840763385046 182.11250130559603 1.78361e-05
F 1534.647 2277.999 -4.69318
E -0.15458399296367345 299.4021882649511 181.87105229298803 1.79091e-05
F 1534.059 2300.569 -4.68325
E -0.1516719209308365 299.9794337822752 181.62967628574788 1.79294e-05
F 1532.914 2322.14 -4.6785
E -0.14889364524604612 300.49126748356343 181.38425556293888 1.78752e-05
F 1532.304 2344.531 -4.65648
E -0.14583414647026127 300.98929945091226 181.15722899197002 1.79398e-05
F 1531.164 2360.841 -4.64656
E -0.14386952641754536 300.8622618076493 180.88366266743242 1.7545e-05
F 1529.124 2383.494 -4.63396
E -0.14059718082318354 301.4185264495742 180.66784969376087 1.76187e-05
F 1526.629 2405.877 -4.62418
E -0.13741556767687757 301.89936536896295 180.44881044168008 1.76081e-05
F 1525.557 2428.165 -4.62285
E -0.1342679267473061 302.4034904760114 180.23007226299634 1.76012e-05
F 1522.89 2450.663 -4.60609
E -0.13100501163828063 302.8520078087137 180.0219746759567 1.76224e-05
F 1519.775 2474.232 -4.59331
E -0.1275482621112128 303.3646227877663 179.82534760382435 1.76888e-05
F 1517.892 2497.406 -4.5871
E -0.12402931439038502 303.91567067971823 179.6330011865778 1.77687e-05
F 1514.88 2520.784 -4.567
E -0.1203543496120038 304.4176759646761 179.45508786397082 1.79084e-05
F 1511.954 2543.502 -4.55831
E -0.11677372037878808 304.8790280133875 179.27152110029104 1.79197e-05
F 1509.199 2564.621 -4.5429
E -0.11325698895055873 305.23361161065606 179.0892021957638 1.78825e-05
F 1505.71 2586.791 -4.53169
E -0.10955404039143826 305.6523489858582 178.91797438890015 1.78903e-05
F 1502.161 2608.552 -4.52235
E -0.10583142988732357 306.0607817337467 178.75135771380283 1.78863e-05
F 1497.882 2629.893 -4.51342
E -0.1020690439441131 306.4677080950928 178.59113610406592 1.78875e-05
F 1493.41 2652.625 -4.50612
E -0.09821341020799057 306.9050850558917 178.438417295256 1.79221e-05
F 1488.734 2675.0879999999997 -4.51542
E -0.09461919296341638 307.33557877696774 178.27742991704326 1.79463e-05
F 1486.184 2688.862 -4.51715
E -0.09262614692397697 307.0153705030654 178.043006812583 1.75136e-05
F 1482.1399999999999 2709.985 -4.52451
E -0.08937594623822621 307.3544995050574 177.8692262140803 1.74648e-05
F 1478.411 2731.949 -4.53753
E -0.08621679894376749 307.74970011209916 177.69530686237337 1.74934e-05
F 1475.848 2753.393 -4.55048
E -0.0833319466140564 308.085684808216 177.50834013153462 1.74609e-05
F 1471.3899999999999 2775.3540000000003 -4.56424
E -0.0806108359694588 308.43184869448396 177.31622799648915 1.74475e-05
F 1468.199 2796.83 -4.57238
E -0.07803212478788979 308.73748284962596 177.1169576400772 1.73732e-05
F 1465.101 2818.95 -4.57828
E -0.07550017520947994 309.0567892506484 176.91707384557398 1.73102e-05
F 1463.1999999999998 2842.032 -4.59053
E -0.07297302531036096 309.4807850369996 176.7205242547748 1.73737e-05
F 1461.508 2864.0190000000002 -4.60066
E -0.07061777365132153 309.8699898622497 176.51654138569924 1.7392e-05
F 1458.9940000000001 2885.339 -4.61681
E -0.06865346462204551 310.1405043964494 176.29412222963074 1.7339e-05
F 1457.0790000000002 2907.334 -4.62828
E -0.06665739037866947 310.50676795438306 176.07469169225564 1.73487e-05
F 1455.763 2929.9610000000002 -4.64146
E -0.0647749521034996 310.9042127180591 175.85170034481843 1.74015e-05
F 1454.905 2944.524 -4.64616
E -0.06383207137777432 310.58623277991 175.58457223681006 1.70051e-05
F 1453.8 2967.446 -4.65544
E -0.062127704626963084 310.95207566503194 175.35408931532865 1.70308e-05
F 1451.97 2988.737 -4.66616
E -0.0606627290012105 311.22225038145234 175.1134228650236 1.69817e-05
F 1450.779 3011.8199999999997 -4.67728
E -0.05916675715015309 311.62697624632557 174.8781795295572 1.70681e-05
F 1450.866 3034.23 -4.68712
E -0.057830478905793445 311.97355503405737 174.6353370867762 1.70907e-05
F 1451.521 3056.75 -4.67317
E -0.05626379107494622 312.3123412277685 174.40972311436627 1.71461e-05
F 1450.1100000000001 3078.1400000000003 -4.66679
E -0.05479124134427844 312.56440603305055 174.17804707025036 1.70862e-05
F 1449.449 3101.64 -4.6644
E -0.053143084487582926 312.98683257247615 173.96118140622286 1.71945e-05
F 1448.992 3123.83 -4.65231
E -0.051479248025263345 313.28931534954506 173.74638093443363 1.72221e-05
F 1446.655 3146.48 -4.64744
E -0.04979131848932301 313.62445584381675 173.5344366305139 1.72558e-05
F 1445.108 3169.5 -4.63308
E -0.04792924169216088 313.96185250323606 173.33624887119322 1.73506e-05
F 1441.8220000000001 3191.8599999999997 -4.62624
E -0.046133305491803514 314.2375758612593 173.1328851398234 1.73448e-05
F 1439.3899999999999 3214.99 -4.62056
E -0.04422816742862273 314.57467682411345 172.93863854270558 1.74077e-05
F 1436.1570000000002 3237.62 -4.61216
E -0.0423254125358022 314.8472603230178 172.74606411461272 1.74203e-05
F 1433.583 3260.9700000000003 -4.61545
E -0.04049106873708927 315.1463192299541 172.55157917507412 1.74512e-05
F 1431.513 3275.08 -4.61406
E -0.03950875285196284 314.6989512173296 172.31532172941792 1.70431e-05
F 1427.776 3297.74 -4.60463
E -0.037593826915405144 314.9543958271908 172.12779714249885 1.70792e-05
F 1424.365 3319.6000000000004 -4.59268
E -0.03562252036382207 315.16978137308223 171.94551145419163 1.70957e-05
F 1420.804 3341.7200000000003 -4.57575
E -0.033504941559269794 315.3723936743081 171.77311578980346 1.71436e-05
F 1418.1680000000001 3363.95 -4.55881
E -0.031241965591929884 315.57674901237806 171.61094220001982 1.72061e-05
F 1413.6689999999999 3387.79 -4.53341
E -0.028601060512905754 315.8671310984429 171.4765450189591 1.74739e-05
F 1407.941 3409.8 -4.49782
E -0.02578595254536518 316.04410753297617 171.35743956328415 1.77794e-05
F 1403.5149999999999 3431.75 -4.45761
E -0.022666071400761788 316.1795902031119 171.26066897858428 1.817e-05
F 1396.658 3453.75 -4.42948
E -0.019359119615372733 316.31157561468723 171.16508736349826 1.83169e-05
F 1390.1480000000001 3474.66 -4.4115
E -0.016068564488004453 316.3823427387539 171.06566927100735 1.82854e-05
F 1382.3870000000002 3496.3900000000003 -4.375
E -0.01230200892338857 316.49286289015197 171.0102854789602 1.86036e-05
F 1374.565 3517.5299999999997 -4.33423
E -0.00827995250990556 316.54796631249246 170.9777325367988 1.89798e-05
F 1366.348 3538.73 -4.30042
E -0.003981825683954457 316.59970885672135 170.96088544412504 1.92197e-05
F 1357.0700000000002 3558.49 -4.26642
E 0.0003517426740718888 316.55174741967005 170.95172185606506 1.93506e-05
F 1349.897 3572.2799999999997 -4.24319
E 0.0032447306289147045 315.9612220011121 170.85668319256328 1.89132e-05
F 1338.9299999999998 3591.7200000000003 -4.21733
E 0.007870395561801339 315.89020644503904 170.8760588031881 1.89445e-05
F 1327.7930000000001 3611.24 -4.18779
E 0.012755268460195956 315.81596482042886 170.92549945675646 1.90578e-05
F 1316.153 3629.8900000000003 -4.16039
E 0.01766957740180239 315.6817756970329 170.9861587754056 1.90832e-05
F 1302.437 3649.0 -4.13153
E 0.02296393910261641 315.58489762110605 171.08820062609811 1.92075e-05
F 1290.4740000000002 3666.76 -4.09717
E 0.028190137395852122 315.3795097638425 171.2024089232344 1.93195e-05
F 1276.865 3684.85 -4.06657
E 0.033755589851936704 315.1967078709218 171.35426854132578 1.9427e-05
F 1263.202 3702.91 -4.03115
E 0.03964544127279391 315.0097638648126 171.5534863237556 1.9673e-05
F 1248.288 3719.8599999999997 -3.99957
E 0.04556261803128367 314.76670464666756 171.76996724071864 1.97797e-05
F 1233.374 3736.71 -3.96848
E 0.051618469029495254 314.4940790080154 172.01663951170593 1.98724e-05
F 1218.299 3752.12 -3.93076
E 0.05771524661669274 314.156993945084 172.29301539931453 2.00388e-05
F 1201.827 3766.6 -3.89912
E 0.06379382057870868 313.7695255496127 172.5838487123605 2.00303e-05
F 1185.627 3781.8199999999997 -3.86045
E 0.07033026917797355 313.39800569052125 172.94779567604795 2.02593e-05
F 1167.185 3797.05 -3.81147
E 0.07736070031423174 313.02417819444554 173.4023179363299 2.08863e-05
F 1154.993 3806.1000000000004 -3.78492
E 0.08168091434827185 312.20912249494666 173.58632961997722 2.03907e-05
F 1135.05 3819.44 -3.74603
E 0.0886308019413114 311.739467166684 174.07111940420194 2.06045e-05
F 1117.201 3831.1 -3.70294
E 0.09534190819464798 311.17819483530695 174.56626552412615 2.08037e-05
F 1097.548 3843.1400000000003 -3.65614
E 0.10275207197029745 310.6463185318463 175.18380285463235 2.13063e-05
F 1077.5819999999999 3853.9 -3.60841
E 0.1103844709989805 310.07849469708276 175.87233189558606 2.18598e-05
F 1056.435 3863.5 -3.5682
E 0.11776920441000098 309.43984776312095 176.56508889453917 2.20426e-05
F 1034.1190000000001 3871.86 -3.50935
E 0.12510574612708628 308.7295463821012 177.32475064328173 2.2843e-05
F 1013.625 3879.22 -3.45405
E 0.13210492466182705 307.9304112941232 178.08877505399417 2.33518e-05
F 994.41 3885.45 -3.41646
E 0.1391744541228226 307.1130855439361 178.89816289633316 2.33139e-05
F 971.46 3891.37 -3.36399
E 0.1462769515783226 306.25619424069566 179.79055450497188 2.37675e-05
F 949.9599999999998 3896.01 -3.31366
E 0.15353361384981237 305.37085121051445 180.77719223111595 2.42294e-05
F 930.21 3899.6 -3.27429
E 0.160139076659769 304.4299468104025 181.71311863763583 2.4161e-05
F 907.5999999999999 3902.76 -3.23291
E 0.16708180265208675 303.4894853280177 182.78301971281397 2.43016e-05
F 892.8299999999999 3904.2200000000003 -3.2078
E 0.17040231628699404 302.40505657480753 183.22849603156013 2.35349e-05
F 871.79 3905.56 -3.15274
E 0.17650742249518267 301.4042226536486 184.29255157642655 2.40584e-05
F 850.8400000000001 3905.26 -3.10591
E 0.18231960122442353 300.3730609371256 185.3814291218563 2.42257e-05
F 827.6800000000001 3904.02 -3.05365
E 0.18796504064065483 299.3137406723251 186.5510242393221 2.4647e-05
F 806.6500000000001 3902.09 -3.00569
E 0.1927850965623104 298.2211903777269 187.64360263459974 2.47393e-05
F 785.21 3899.34 -2.96251
E 0.1973248134179679 297.11718305771336 188.7839493491151 2.47247e-05
F 762.05 3895.11 -2.91482
E 0.20160953974616422 295.9982710506511 190.01124581199213 2.49354e-05
F 739.71 3890.8100000000004 -2.86313
E 0.20511942701328564 294.8614485570108 191.2040170991741 2.52261e-05
F 718.8799999999999 3884.68 -2.81983
E 0.20795405445804685 293.721553905419 192.36007582496438 2.51592e-05
F 697.03 3876.44 -2.77781
E 0.21060742444398076 292.5762093340348 193.6818570019584 2.52641e-05
F 676.8799999999999 3869.3599999999997 -2.72868
E 0.2121091136270681 291.4369262226327 194.85768661744854 2.54221e-05
F 656.56 3860.3 -2.68728
E 0.21280799658727856 290.31383222170655 195.9614217664967 2.52486e-05
F 637.1800000000001 3849.84 -2.62554
E 0.21255894448217608 289.1885221004902 197.08373521255956 2.58933e-05
F 617.21 3838.34 -2.57109
E 0.21135914277386733 288.06280374330174 198.22606059635055 2.62762e-05
F 599.2 3826.05 -2.52522
E 0.2091548837370551 286.9679518338932 199.28345295146892 2.62612e-05
F 587.22 3816.6899999999996 -2.48393
E 0.20618257559278078 286.0011549831741 199.6179835292662 2.55371e-05
F 568.6500000000001 3802.4 -2.44305
E 0.20231538431612456 284.97410602831127 200.5804299859904 2.54321e-05
F 551.8799999999999 3787.01 -2.38519
E 0.19725017655379376 283.9920788836639 201.4571893265038 2.59023e-05
F 536.75 3771.6000000000004 -2.3347
E 0.1912544719971903 283.0672577326824 202.17610541233395 2.5947e-05
F 521.21 3754.87 -2.27512
E 0.18396092141243323 282.19266576348684 202.87077016982266 2.64935e-05
F 506.79999999999995 3738.38 -2.23397
E 0.17603882816479047 281.39073937410785 203.4096895295131 2.62437e-05
F 493.28 3720.12 -2.18479
E 0.1669809627495826 280.66095787469555 203.9140179704631 2.63381e-05
F 481.23 3702.25 -2.13531
E 0.15747486198328572 280.0149382151435 204.24772795889157 2.63412e-05
F 470.48 3684.26 -2.09459
E 0.1479449961759157 279.4477977285062 204.4179012334484 2.59896e-05
F 459.53999999999996 3664.4399999999996 -2.04699
E 0.13700396811495394 278.97309267158965 204.61308258576395 2.61078e-05
F 450.56999999999994 3644.1800000000003 -2.01616
E 0.12631098553232054 278.57898254623586 204.67779675261318 2.57045e-05
F 440.73 3623.3 -1.97289
E 0.11512021912983803 278.28508404895655 204.66903037798656 2.56855e-05
F 432.6399999999999 3602.38 -1.9383
E 0.10425137651948425 278.0691955137147 204.54956002483974 2.54088e-05
F 428.01 3587.76 -1.90889
E 0.09806573949382542 277.77204543081046 204.0347783520833 2.45846e-05
F 421.34000000000015 3566.05 -1.8626
E 0.0879873440975761 277.6826392257401 203.73169088933477 2.46142e-05
F 414.99 3544.61 -1.80745
E 0.07837707702737622 277.67112638410845 203.31132671983738 2.49684e-05
F 410.64999999999986 3521.9700000000003 -1.76337
E 0.06853997846373465 277.77269743015853 202.83571816219546 2.51046e-05
F 407.1199999999999 3499.9700000000003 -1.72068
E 0.060100046140742144 277.9038567998734 202.24538653763028 2.50435e-05
F 402.33000000000015 3455.92 -1.63513
E 0.04172909438102834 279.0948947150795 202.12196749482408 3.89705e-05
F 401.3299999999999 3434.42 -1.60097
E 0.03575555513808728 279.43382419581525 201.27465785662687 3.74164e-05
F 400.91999999999985 3412.7799999999997 -1.5596
E 0.03115478122074187 279.80215546123327 200.39898652250676 3.61573e-05
F 401.3599999999999 3389.2799999999997 -1.51039
E 0.026993799718068236 280.33017043701165 199.49622939483342 3.55614e-05
F 403.1700000000001 3366.19 -1.46507
E 0.024178890360298314 280.87953994203264 198.56909135601157 3.48636e-05
F 405.1700000000001 3344.2799999999997 -1.42209
E 0.022625687861574473 281.42857971632964 197.6359140410707 3.41305e-05
F 408.18000000000006 3322.55 -1.38741
E 0.022057470637227704 281.9735841012703 196.7178127905143 3.32056e-05
F 411.72 3301.19 -1.34891
E 0.02236989858851966 282.5429293260946 195.81303094490286 3.24988e-05
F 415.3899999999999 3286.61 -1.32984
E 0.02421612538428239 282.56859804367417 195.0262479760929 3.10243e-05
F 421.20000000000005 3264.75 -1.28535
E 0.02581012391914867 283.11750753789823 194.17318796767003 3.06327e-05
F 427.80999999999995 3243.29 -1.23958
E 0.028232565965801995 283.6464782159743 193.33824090353883 3.03121e-05
F 434.6200000000001 3224.0200000000004 -1.19802
E 0.03134833803125249 284.07236134622235 192.53997901521979 2.97628e-05
F 443.1400000000001 3203.4300000000003 -1.15664
E 0.035068451088942874 284.54494260994954 191.7633323529306 2.93583e-05
F 451.82000000000016 3184.1099999999997 -1.12417
E 0.03923693754117546 284.9953140938976 191.02531493108611 2.87822e-05
F 460.74 3164.45 -1.09737
E 0.04377697603611773 285.4486295109196 190.33150004751647 2.81824e-05
F 470.66999999999985 3145.76 -1.08247
E 0.048393432519755614 285.8518059471214 189.69316022663875 2.74351e-05
F 480.8799999999999 3126.04 -1.07881
E 0.05304381300054714 286.2872060268976 189.10548819458597 2.67218e-05
F 490.3800000000001 3106.42 -1.06862
E 0.05788118609066886 286.732704709214 188.56127929704627 2.61128e-05
F 501.02 3085.9399999999996 -1.06994
E 0.06276882757995021 287.25469912644746 188.06112790732203 2.55971e-05
F 511.04999999999995 3066.96 -1.0639
E 0.06749785610108766 287.65440176887563 187.6018260651806 2.5001e-05
F 522.5699999999999 3046.59 -1.07178
E 0.0723455952390353 288.2085656546343 187.18058842545176 2.46092e-05
F 532.96 3026.42 -1.06069
E 0.07713468218204758 288.63517685200543 186.78727120339747 2.4137e-05
F 539.3799999999999 3013.77 -1.06175
E 0.08040458445676775 288.5130862589177 186.4133821842045 2.33171e-05
F 550.6200000000001 2993.886 -1.05861
E 0.08519631620577611 288.99751547360245 186.06634851601973 2.29692e-05
F 560.0400000000002 2974.334 -1.05557
E 0.08984457338406844 289.4263632037329 185.73941499493554 2.25866e-05
F 570.7199999999998 2954.061 -1.05239
E 0.09478888046244391 289.97183316737437 185.44092312527025 2.23641e-05
F 581.5300000000002 2934.335 -1.04789
E 0.09949253402680926 290.424124966473 185.15622494925327 2.20533e-05
F 592.2099999999998 2914.923 -1.0471
E 0.10412535604164508 290.87536629103766 184.88718529161147 2.17533e-05
F 603.3 2895.147 -1.04964
E 0.10874382629485885 291.36208335747267 184.63582096005408 2.15051e-05
F 614.4099999999999 2875.383 -1.05211
E 0.11322647746919676 291.833236791858 184.39525998134374 2.1253e-05
F 624.73 2856.112 -1.03809
E 0.1178933251904666 292.29598972108164 184.17465730380314 2.10821e-05
F 635.6299999999999 2837.8 -1.02539
E 0.1223866321102614 292.67736282219175 183.9591294050043 2.08321e-05
F 646.5799999999999 2818.241 -1.00875
E 0.12723876752020066 293.12582797851735 183.77023418363663 2.07179e-05
F 657.3 2799.1440000000002 -0.99387
E 0.13201514117180116 293.52046620150577 183.58985789212514 2.05465e-05
F 666.8599999999999 2786.691 -0.977392
E 0.1350194724017676 293.3640956711832 183.35486732298355 2.00104e-05
F 678.22 2769.003 -0.957759
E 0.1398786953230174 293.6976871278879 183.19980506465959 1.98857e-05
F 690.96 2751.938 -0.932008
E 0.14481095096162927 293.98449423743 183.06246788449707 1.98037e-05
F 704.4200000000001 2734.638 -0.899977
E 0.15024804932709923 294.3182603500736 182.96519238507165 1.99216e-05
F 718.3999999999999 2718.036 -0.857253
E 0.155762023474574 294.5569099930958 182.8947150010608 2.01969e-05
F 734.0 2701.148 -0.824812
E 0.16183874921811564 294.85868853869454 182.85951928527308 2.03646e-05
F 748.96 2684.68 -0.801806
E 0.16776123894998574 295.0895023326191 182.8289791392142 2.03014e-05
F 763.1300000000001 2667.889 -0.77858
E 0.17385567826834805 295.31352127882565 182.82758038627702 2.02689e-05
F 778.1199999999999 2652.982 -0.755089
E 0.1796362792720789 295.436153812009 182.82704674299956 2.01307e-05
F 795.3300000000002 2637.69 -0.729008
E 0.18605950547403935 295.63667082650284 182.88578091973693 2.01699e-05
F 812.0 2622.921 -0.695919
E 0.19251161420609794 295.77444088046 182.97262123566813 2.02885e-05
F 829.8600000000001 2608.209 -0.670743
E 0.19911958542444008 295.9042800701802 183.08715693938865 2.02922e-05
F 848.3899999999999 2594.1459999999997 -0.644841
E 0.20585547617837271 296.01386399473955 183.23425532062458 2.03135e-05
F 867.0800000000002 2581.487 -0.616856
E 0.21227631257327734 296.02795553583775 183.3847036731038 2.02589e-05
F 879.0699999999999 2572.408 -0.594684
E 0.21603371961305143 295.61651292015443 183.37087361118216 1.97646e-05
F 898.28 2559.8559999999998 -0.556992
E 0.22292757585567163 295.6080902495005 183.60788920698144 2.00009e-05
F 917.6200000000001 2548.575 -0.530982
E 0.229579285521292 295.53603727909854 183.84354943638164 1.99444e-05
F 937.19 2537.907 -0.49827
E 0.2365783700217038 295.45985858865936 184.1391375095729 2.00574e-05
F 957.3599999999999 2527.693 -0.472515
E 0.2436078435295168 295.35871561195313 184.46064380256672 2.00506e-05
F 977.09 2517.909 -0.437356
E 0.25061593963948847 295.2013172520982 184.8179706971864 2.01835e-05
F 997.2099999999999 2508.735 -0.40804
E 0.2575786389656626 295.0040832489523 185.19811248078426 2.01854e-05
F 1017.025 2500.101 -0.376652
E 0.2645682434119658 294.77070556060715 185.61379567074712 2.02238e-05
F 1037.741 2492.053 -0.342547
E 0.2716778984460956 294.5065997279619 186.07690000823325 2.0329e-05
F 1059.883 2485.199 -0.310604
E 0.2789987488401778 294.22726526640474 186.59331813827822 2.04276e-05
F 1080.882 2478.696 -0.283213
E 0.2858633248879982 293.8785487013918 187.0959609750132 2.03578e-05
F 1102.018 2472.691 -0.250814
E 0.2928796433078755 293.50744648422295 187.65361402944256 2.04084e-05
F 1123.711 2466.865 -0.213921
E 0.30012355532907214 293.1121044331403 188.27982960151593 2.06103e-05
F 1145.729 2462.703 -0.188199
E 0.30703734299849605 292.67301116617114 188.89748154733624 2.05308e-05
F 1161.442 2460.293 -0.168288
E 0.3103073328800412 291.96645011608933 189.13643754340168 1.99941e-05
F 1183.625 2456.4210000000003 -0.142639
E 0.31735943269610184 291.5073236745625 189.83211067702396 2.00036e-05
F 1206.567 2454.143 -0.107336
E 0.3242044564332762 290.99791787609587 190.55369792207384 2.01424e-05
F 1229.604 2452.625 -0.0695875
E 0.33103777899848774 290.4505581456179 191.3229554258951 2.0349e-05
F 1252.435 2451.906 -0.0309832
E 0.33774936802392524 289.85933656634666 192.12838157158706 2.05699e-05
F 1275.232 2451.892 0.00010532
E 0.3443886201044386 289.241338991304 192.96553531270177 2.0634e-05
F 1298.5100000000002 2452.563 0.0252552
E 0.35111273627140527 288.61440022848575 193.8549147706899 2.06396e-05
F 1320.767 2453.202 0.0476576
E 0.35737592647475647 287.95740299503365 194.72296747008494 2.05475e-05
F 1343.0810000000001 2454.734 0.0826066
E 0.36349225329401047 287.2646439306033 195.63556513942888 2.06745e-05
F 1365.984 2456.948 0.111327
E 0.36939631309282817 286.5488271439248 196.56428887883246 2.06731e-05
F 1386.9470000000001 2459.257 0.142099
E 0.37462441331048646 285.791165608985 197.4503979734093 2.06273e-05
F 1410.7530000000002 2463.052 0.166131
E 0.38060349498634166 285.0513571884339 198.49804473856133 2.06656e-05
F 1432.6219999999998 2467.168 0.187619
E 0.385680978953978 284.2798269098006 199.45169844384336 2.05361e-05
F 1447.423 2469.835 0.19932
E 0.3873025192450704 283.43238280780116 199.87204500853048 1.99858e-05
F 1469.3980000000001 2474.439 0.198546
E 0.39301842170949786 282.73391446684775 200.94099534503457 1.99168e-05
F 1491.092 2477.603 0.204793
E 0.39823972560086834 282.013824608638 201.97946115783245 1.98032e-05
F 1513.3 2481.379 0.201679
E 0.4031024920631991 281.31197521843734 202.95583903574024 1.96205e-05
F 1534.171 2485.577 0.193336
E 0.4076695869672272 280.631227860964 203.87094925282443 1.94092e-05
F 1556.735 2488.74 0.198089
E 0.4128081565468912 279.9676364878532 204.90698504298314 1.93114e-05
F 1578.843 2492.768 0.190578
E 0.4177041806298968 279.32561448641025 205.87666475778482 1.91638e-05
F 1601.1970000000001 2496.559 0.172811
E 0.42309496253990947 278.7348010263386 206.8795801832734 1.91287e-05
F 1623.7930000000001 2499.843 0.157176
E 0.4288996040080705 278.17910008841613 207.90956753838665 1.91178e-05
F 1645.825 2503.399 0.155003
E 0.434175071138942 277.6100498294162 208.85499810564517 1.89717e-05
F 1668.19 2506.582 0.144204
E 0.4400490201617167 277.08013705524286 209.84600937222473 1.89142e-05
F 1690.6390000000001 2509.917 0.134741
E 0.44586347228661344 276.5624519079805 210.79186463107627 1.88211e-05
F 1712.714 2512.358 0.122108
E 0.4518182299083279 276.0658701141469 211.7088457247807 1.87366e-05
F 1736.017 2515.186 0.120539
E 0.4582430038455551 275.5838313816801 212.6765193456807 1.86757e-05
F 1751.328 2517.112 0.119031
E 0.4598742398869383 274.9690369464711 212.97307041203646 1.82157e-05
F 1773.213 2519.358 0.115289
E 0.4659653454267356 274.49039816377643 213.84520409841193 1.81154e-05
F 1797.005 2521.424 0.114549
E 0.47307851386090516 274.04390769699455 214.82652688660477 1.81334e-05
F 1819.681 2522.9139999999998 0.109509
E 0.4805704372801833 273.61576865040803 215.8069997610049 1.81681e-05
F 1842.568 2524.764 0.0965565
E 0.48762670791883655 273.1909501079325 216.6632289501962 1.81285e-05
F 1864.459 2525.654 0.0882208
E 0.49529793392800764 272.78858275822574 217.54571730272838 1.81114e-05
F 1887.804 2527.3 0.0719005
E 0.5034710362108492 272.42033259517126 218.4048131079905 1.81494e-05
F 1910.4544 2528.578 0.0514082
E 0.5115781572089074 272.0681180233815 219.1738788159195 1.81644e-05
F 1932.0479 2528.4 0.0440194
E 0.5198765693412146 271.7187085095594 219.9248586356192 1.80907e-05
F 1954.2191 2528.332 0.0363395
E 0.5280438445589826 271.3717853464813 220.61358552424477 1.79836e-05
F 1976.8015 2528.56 0.0316101
E 0.536943367705404 271.04935384305156 221.3295004766971 1.79185e-05
F 1998.63764 2528.033 0.0281112
E 0.5457186625675831 270.7244788075783 221.99382102744457 1.78217e-05
F 2021.2711 2527.326 0.0131264
E 0.5554933017075564 270.4481667554007 222.67080881571113 1.78211e-05
F 2044.247 2526.983 -0.00380726
E 0.5661904595350231 270.21599342930796 223.35021131624703 1.78833e-05
F 2066.5601 2525.258 -0.0217553
E 0.5774717893373696 270.0178473571485 224.0019243413137 1.79625e-05
F 2081.8823 2525.276 -0.0237158
E 0.5801293643431898 269.5434495242324 224.00854630700496 1.75246e-05
F 2105.207 2524.025 -0.0255032
E 0.5918004492740442 269.3542113733324 224.64206822287352 1.7559e-05
F 2127.78 2523.219 -0.0481194
E 0.6033372402227528 269.1930949550726 225.17288386595152 1.76578e-05
F 2150.305 2521.718 -0.0603854
E 0.6147908519504394 269.03488657886885 225.65289673189474 1.76368e-05
F 2171.651 2518.5389999999998 -0.0791509
E 0.6254517512773637 268.8707376362682 226.0238404304489 1.75803e-05
F 2194.513 2515.27 -0.0895116
E 0.638241823974355 268.7898774902187 226.48179123009692 1.76162e-05
F 2216.666 2512.872 -0.106796
E 0.6504974401258997 268.71647267611405 226.84952570483202 1.76417e-05
F 2239.095 2510.409 -0.116018
E 0.6630671377453485 268.66444457786054 227.2001677368873 1.76291e-05
F 2260.5 2506.678 -0.125278
E 0.6744933319643382 268.58460548973267 227.45946824417896 1.75349e-05
F 2282.475 2503.242 -0.138547
E 0.6873826079014657 268.5851579498377 227.7487934744347 1.75606e-05
F 2305.419 2499.232 -0.157097
E 0.7008920081070571 268.6459615859185 228.01885300031051 1.76765e-05
F 2327.324 2495.325 -0.170725
E 0.7133905898850564 268.6881202224229 228.21030662820814 1.76766e-05
F 2348.69 2490.492 -0.192913
E 0.7258752980079599 268.7748144513898 228.35629861385695 1.7764e-05
F 2371.124 2485.723 -0.214632
E 0.7382205737183044 268.89654034671486 228.45820315665523 1.78523e-05
F 2385.668 2482.065 -0.225159
E 0.7412747183796653 268.5982823370497 228.20432232012288 1.74441e-05
F 2407.596 2476.646 -0.252246
E 0.7527874908742642 268.75436003491006 228.22158960586074 1.75979e-05
F 2429.503 2470.464 -0.269674
E 0.7638805894106382 268.92210475534625 228.20144954393825 1.76264e-05
F 2451.882 2464.501 -0.280887
E 0.7756838399875925 269.16224030072533 228.19112251859096 1.7695e-05
F 2473.006 2458.424 -0.294893
E 2.3569587651029993 228.11839122460208 269.37705838675157 1.77134e-05
F 2495.087 2451.601 -0.296757
E 2.367745005574419 228.0584926770127 269.62719432188015 1.77254e-05
F 2517.202 2444.735 -0.29144
E 2.3781224269597767 227.99572634121398 269.8656124261523 1.77275e-05
F 2538.489 2438.137 -0.289106
E 2.387827975141007 227.91286466355663 270.0865159922859 1.76954e-05
F 2559.815 2431.521 -0.272625
E 2.396839081867586 227.83448564577105 270.24793644083013 1.76756e-05
F 2581.5 2425.598 -0.265474
E 2.4060138837228826 227.76074452150553 270.43583944257364 1.76321e-05
F 2602.586 2420.263 -0.253712
E 2.4149244461691386 227.69134202018384 270.60331256111346 1.75957e-05
F 2625.817 2414.677 -0.26513
E 2.4246434767238205 227.62425666776545 270.89194852643226 1.76846e-05
F 2648.004 2409.247 -0.260645
E 2.433394142514371 227.5375122925445 271.11008926213015 1.76574e-05
F 2669.228 2403.871 -0.251751
E 2.441536130381385 227.44203280886094 271.2832868272077 1.76008e-05
F 2690.819 2398.893 -0.250424
E 2.4499475578152725 227.35100046085117 271.50188321529197 1.7577e-05
F 2705.079 2396.291 -0.235726
E 2.4502645993230505 227.04864832388253 271.0888439133892 1.71644e-05
F 2726.931 2392.186 -0.222459
E 2.4586393819461865 226.98587275482572 271.26170678835234 1.71761e-05
F 2748.668 2388.1059999999998 -0.219351
E 2.4664893425890364 226.9027476447652 271.41507532054294 1.71278e-05
F 2771.499 2383.376 -0.201182
E 2.475694664963823 226.8803629430533 271.64232164894406 1.72636e-05
F 2793.681 2379.59 -0.187957
E 2.4839597220626346 226.8323851955046 271.7923270192119 1.72667e-05
F 2815.698 2376.469 -0.155565
E 2.492576282536434 226.8290299389655 271.9077806480497 1.74797e-05
F 2837.846 2374.754 -0.136775
E 2.500853141108716 226.812106868917 271.9834887960719 1.74713e-05
F 2859.93 2372.714 -0.122025
E 2.5095955480022485 226.8123360194117 272.0820909751641 1.74724e-05
F 2882.386 2369.351 -0.103313
E 2.5188500596869514 226.83821143185418 272.1909730949897 1.75416e-05
F 2905.263 2368.1 -0.0830329
E 2.528493438213 226.88368493002153 272.30367884509883 1.76402e-05
F 2927.795 2368.145 -0.0665069
E 2.5380045440736034 226.9260041422048 272.3891309212833 1.76766e-05
F 2949.48 2366.376 -0.0357151
E 2.547457846065126 226.98937973375513 272.4056194135597 1.78451e-05
F 2970.834 2365.585 -0.0121233
E 2.5568042500444625 227.04947006413076 272.38123676860965 1.78742e-05
F 2993.47 2367.055 0.00946934
E 2.5667594233246445 227.13154974745328 272.37246393371 1.79124e-05
F 3008.7799999999997 2367.301 0.0156248
E 2.569703875137929 226.99785723497862 271.8537710070034 1.74884e-05
F 3031.6099999999997 2368.957 0.0372974
E 2.5803666187147973 227.10529564018762 271.85462050916664 1.75863e-05
F 3054.94 2372.188 0.0621222
E 2.5911398737994613 227.22217846394616 271.821322957009 1.76943e-05
F 3076.75 2375.396 0.0868048
E 2.6017377063533424 227.3383561473235 271.734745338598 1.77551e-05
F 3098.35 2378.896 0.101336
E 2.6119110519084985 227.43414058338027 271.6048815781837 1.76793e-05
F 3120.79 2382.927 0.117871
E 2.623067680294693 227.5613407349864 271.5181139498715 1.76856e-05
F 3143.2 2385.865 0.132832
E 2.6340464613724213 227.6814596911508 271.39713136455015 1.76553e-05
F 3165.96 2388.675 0.136643
E 2.646068358336134 227.8219818376846 271.3611884399641 1.7673e-05
F 3187.59 2392.094 0.142071
E 2.6571196440240095 227.9288109054145 271.2557965449656 1.76055e-05
F 3209.37 2395.229 0.157684
E 2.6687435664614587 228.05446483258316 271.15707822205945 1.76147e-05
F 3231.87 2399.952 0.171807
E 2.6813467654192618 228.2045175790967 271.1096607583208 1.76835e-05
F 3253.45 2404.476 0.182439
E 2.6937298394221285 228.3412726411773 271.0373834152912 1.76987e-05
F 3276.5200000000004 2409.674 0.185818
E 2.706386832009498 228.4759344949542 270.99768884006625 1.77179e-05
F 3290.75 2413.691 0.198324
E 2.710399524022568 228.37877617670506 270.33753825917415 1.7298e-05
F 3312.2799999999997 2418.718 0.213233
E 2.722620045991441 228.50133374780015 270.2108259775623 1.73028e-05
F 3333.1 2423.217 0.226852
E 2.7348703752340304 228.61972787158962 270.06762121350334 1.72872e-05
F 3355.74 2429.223 0.228929
E 2.747969636292632 228.74776159465398 270.0027065890921 1.73063e-05
F 3378.2799999999997 2435.75 0.242148
E 2.7608160446071817 228.86720340664314 269.89174349139 1.73151e-05
F 3400.26 2442.7 0.257379
E 2.7739013113254996 228.98927909152482 269.7738127786753 1.73354e-05
F 3422.31 2449.378 0.28085
E 2.7870752883963954 229.11532841260717 269.6139207948714 1.74065e-05
F 3444.83 2456.634 0.287183
E 2.8015989163236017 229.25953918455383 269.55948080690104 1.74668e-05
F 3465.96 2463.305 0.292079
E 2.8154257912222826 229.375473001707 269.46083645910994 1.74542e-05
F 3488.15 2470.164 0.312799
E 2.8303643720447704 229.52127369963603 269.3890957691064 1.76025e-05
F 3509.62 2476.876 0.319316
E 2.8450060382119897 229.6431767047544 269.31025118429665 1.76161e-05
F 3531.19 2483.562 0.320832
E 2.8591654195945777 229.7401042187947 269.21503396641384 1.75815e-05
F 3552.37 2492.005 0.333654
E 2.873391881085256 229.83479283801006 269.0998290618353 1.75643e-05
F 3565.98 2497.085 0.338734
E 2.879230555112649 229.73229172060704 268.4102720478445 1.71375e-05
F 3588.23 2505.499 0.350165
E 2.895218948929139 229.85211551524708 268.4022261330288 1.72599e-05
F 3609.0299999999997 2512.9120000000003 0.339335
E 2.909256544191703 229.9079912444045 268.3273477712676 1.72496e-05
F 3631.71 2522.135 0.349154
E 2.9261856076738755 230.0227118153332 268.4367747703734 1.74667e-05
F 3652.94 2530.798 0.376196
E 2.9417194122277217 230.10806032142264 268.37852107631954 1.76375e-05
F 3673.7 2539.866 0.391519
E 2.9573354821536055 230.1804931524729 268.31872944705964 1.76681e-05
F 3694.19 2548.563 0.403066
E 2.9729940255718375 230.24319446306464 268.25700625229416 1.76661e-05
F 3714.85 2557.858 0.412695
E 2.988502197383662 230.29170263118363 268.1841376726642 1.76328e-05
F 3735.1099999999997 2566.551 0.428821
E 3.004203685349376 230.33771619039106 268.09846418843 1.76315e-05
F 3755.0600000000004 2576.59 0.439948
E 3.0203225738338038 230.38069352515222 268.04567903786455 1.76229e-05
F 3768.71 2584.112 0.450986
E 3.0289889100304963 230.27264213901933 267.4317862227958 1.72224e-05
F 3789.2200000000003 2594.343 0.479313
E 3.046717235373564 230.34191131072933 267.41419912510275 1.7486e-05
F 3809.3 2603.939 0.489272
E 3.063998478072851 230.38138169130468 267.382533030872 1.75078e-05
F 3847.85 2625.93 0.491748
E 3.1005699302172025 230.9358435694408 269.1428731266551 2.40525e-05
F 3867.7799999999997 2637.12 0.50861
E 3.117916902493487 230.95246543755357 269.1583339009135 2.37158e-05
F 3879.6 2643.273 0.508415
E 3.1253369950969265 230.78136391303136 268.40074901244407 2.28772e-05
F 3881.8999999999996 2644.298 0.508076
E 3.1221792956218675 230.44073308179253 266.8268512288935 2.20426e-05
F 3881.4700000000003 2644.373 0.508021
E 3.116318515004452 230.06067937348865 265.10862642737385 2.1267e-05
F 3881.91 2644.577 0.507898
E 3.110510066069676 229.68491809399575 263.4626888197918 2.05444e-05
F 3881.67 2644.315 0.507712
E 3.104745586375684 229.31209633703702 261.88349026525793 1.98696e-05
F 3882.12 2644.2039999999997 0.507504
E 3.0990096588253158 228.94352515599726 260.3643836801517 1.92379e-05
F 3881.77 2642.95 0.507053
E 3.09329478533695 228.5783121686741 258.9014391735206 1.86453e-05
F 3881.83 2642.284 0.506753
E 3.087587070783808 228.21606280377205 257.4891816724438 1.80884e-05
F 3882.05 2642.186 0.506615
E 3.081877466796605 227.8569124421966 256.12443743678415 1.7564e-05
F 3881.81 2642.668 0.506699
E 3.076155201362235 227.50097427180967 254.80346682370197 1.70693e-05
F 3881.85 2643.8 0.506925
E 3.070409705380658 227.14834255434323 253.523431806243 1.66018e-05
F 3881.74 2643.008 0.506636
E 3.0646328219903363 226.79744900723125 252.28092897365897 1.61595e-05
F 3881.3 2642.112 0.50637
E 3.0588096523485877 226.44999480672615 251.07449064378025 1.57402e-05
F 3881.05 2642.01 0.506305
E 3.052929145524225 226.10492571351713 249.9011055759556 1.53423e-05
F 3881.08 2642.141 0.506275
E 3.0469810031229674 225.76172914687848 248.75870166209558 1.49641e-05
F 3880.79 2642.044 0.506219
E 3.0409528354583415 225.420986195006 247.64567224740858 1.46042e-05
F 3880.6400000000003 2642.9880000000003 0.506406
E 3.0348314354539108 225.08271483579543 246.56038100665722 1.42614e-05
F 3880.84 2643.147 0.506372
E 3.0286055219103933 224.7463752001814 245.5011544461233 1.39343e-05
F 3880.79 2643.588 0.506427
E 3.0222651904415723 224.41197939673503 244.4673055916463 1.3622e-05
F 3880.98 2643.129 0.506253
E 3.015786506353989 224.07949858165526 243.45611168215507 1.33236e-05
F 3881.11 2642.078 0.505958
E 3.0091621896010743 223.7489398461922 242.46785749394715 1.30379e-05
F 3880.66 2641.3050000000003 0.505784
E 3.002371017932741 223.41971341938282 241.5002725787299 1.27644e-05
F 3880.4399999999996 2641.492 0.505803
E 2.9954058280482934 223.09182032141263 240.55361087640847 1.25022e-05
