M 13.199 0 3 13.5636 -30.1305
M 0 3.599 3 4.20671 -30.1305
M 13.199 3.599 3 13.8415 -30.1305
C 0 0
M 0 0 0 3.43778 -29.7285
M 13.199 0 3 13.508 -29.7285
M 0 3.599 3 4.20671 -29.7285
M 13.199 3.599 3 13.8045 -29.7285
C 16 13
M 0 0 0 3.43778 -30.1471
M 13.199 0 3 13.508 -30.1471
M 0 3.599 3 4.22524 -30.1471
M 13.199 3.599 3 13.8786 -30.1471
C 13 15
C 2 2
M 0 0 0 3.44704 -31.2652
M 13.199 0 3 13.5821 -31.2652
M 0 3.599 3 4.22524 -31.2652
M 13.199 3.599 3 13.8045 -31.2652
C -15 -16
M 0 0 0 3.42851 -31.091
M 13.199 0 3 13.5451 -31.091
M 0 3.599 3 4.24377 -31.091
M 13.199 3.599 3 13.8045 -31.091
C -14 -11
M 0 0 0 3.46557 -30.577
M 13.199 0 3 13.508 -30.577
M 0 3.599 3 4.18818 -30.577
M 13.199 3.599 3 13.8045 -30.577
C -5 -1
M 0 0 0 3.42851 -30.3102
M 13.199 0 3 13.5636 -30.3102
M 0 3.599 3 4.22524 -30.3102
M 13.199 3.599 3 13.7674 -30.3102
C 8 9
M 0 0 0 3.42851 -29.3598
M 13.199 0 3 13.5451 -29.3598
M 0 3.599 3 4.22524 -29.3598
M 13.199 3.599 3 13.8045 -29.3598
C 21 19
C 9 5
M 0 0 0 3.42851 -30.3292
M 13.199 0 3 13.5636 -30.3292
M 0 3.599 3 4.20671 -30.3292
M 13.199 3.599 3 13.7674 -30.3292
C -11 -13
M 0 0 0 3.46557 -30.6662
M 13.199 0 3 13.5636 -30.6662
M 0 3.599 3 4.2623 -30.6662
M 13.199 3.599 3 13.8415 -30.6662
C -17 -17
M 0 0 0 3.44704 -30.4545
M 13.199 0 3 13.5821 -30.4545
M 0 3.599 3 4.20671 -30.4545
M 13.199 3.599 3 13.8415 -30.4545
C -10 -6
M 0 0 0 3.42851 -29.8557
M 13.199 0 3 13.5266 -29.8557
M 0 3.599 3 4.22524 -29.8557
C 5 5
C 18 18
M 0 0 0 3.43778 -30.1997
M 13.199 0 3 13.5821 -30.1997
M 0 3.599 3 4.18818 -30.1997
M 13.199 3.599 3 13.8415 -30.1997
C 9 10
M 0 0 0 3.45631 -30.0259
M 13.199 0 3 13.6007 -30.0259
M 0 3.599 3 4.24377 -30.0259
M 13.199 3.599 3 13.7304 -30.0259
C -7 -8
M 0 0 0 3.46557 -30.5912
M 13.199 0 3 13.5821 -30.5912
M 0 3.599 3 4.22524 -30.5912
M 13.199 3.599 3 13.7674 -30.5912
C -14 -16
M 0 0 0 3.46557 -30.6086
M 13.199 0 3 13.5821 -30.6086
M 0 3.599 3 4.20671 -30.6086
M 13.199 3.599 3 13.8415 -30.6086
C -16 1
M 0 0 0 3.43778 -30.1314
M 13.199 0 3 13.5821 -30.1314
M 0 3.599 3 4.22524 -30.1314
M 13.199 3.599 3 13.8415 -30.1314
C -1 29
M -1.75167e-24 2.70238e-18 0.040748 3.42851 -30.9582
M -1.75167e-24 2.70238e-18 0.040748 13.471 -30.9582
M 0 3.599 3 4.20671 -30.9582
M 13.199 3.599 3 13.7674 -30.9582
C -6 26
M -1.75167e-24 2.70238e-18 0.040748 3.41925 -29.9286
M -1.75167e-24 2.70238e-18 0.040748 13.5636 -29.9286
M -1.75167e-24 2.70238e-18 0.040748 4.18818 -29.9286
M -1.75167e-24 2.70238e-18 0.040748 13.7304 -29.9286
C -25 10
M -1.75167e-24 2.70238e-18 0.040748 3.36366 -29.2628
M -1.75167e-24 2.70238e-18 0.040748 13.5266 -29.2628
M -1.75167e-24 2.70238e-18 0.040748 4.20671 -29.2628
M -1.75167e-24 2.70238e-18 0.040748 13.8045 -29.2628
C -46 -13
M -1.75167e-24 2.70238e-18 0.040748 3.32661 -27.4632
M -1.75167e-24 2.70238e-18 0.040748 13.4524 -27.4632
M -1.75167e-24 2.70238e-18 0.040748 4.22524 -27.4632
M -1.75167e-24 2.70238e-18 0.040748 13.8045 -27.4632
C -37 -3
C -63 -32
C -81 -45
M -1.75167e-24 2.70238e-18 0.040748 3.31734 -22.4361
M -1.75167e-24 2.70238e-18 0.040748 13.471 -22.4361
M -1.75167e-24 2.70238e-18 0.040748 4.18818 -22.4361
M -1.75167e-24 2.70238e-18 0.040748 13.8045 -22.4361
C -83 -42
M -1.75167e-24 2.70238e-18 0.040748 3.27102 -21.4316
M -1.75167e-24 2.70238e-18 0.040748 13.3598 -21.4316
M -1.75167e-24 2.70238e-18 0.040748 4.24377 -21.4316
M -1.75167e-24 2.70238e-18 0.040748 13.8415 -21.4316
C -84 -37
M -1.75167e-24 2.70238e-18 0.040748 3.28955 -19.706
M -1.75167e-24 2.70238e-18 0.040748 13.3783 -19.706
M -1.75167e-24 2.70238e-18 0.040748 4.22524 -19.706
M -1.75167e-24 2.70238e-18 0.040748 13.8045 -19.706
C -106 -57
M -1.75167e-24 2.70238e-18 0.040748 3.25249 -18.4423
M -1.75167e-24 2.70238e-18 0.040748 13.3413 -18.4423
M -1.75167e-24 2.70238e-18 0.040748 4.18818 -18.4423
M -1.75167e-24 2.70238e-18 0.040748 13.8045 -18.4423
C -110 -74
M -1.75167e-24 2.70238e-18 0.040748 3.16911 -15.3693
M -1.75167e-24 2.70238e-18 0.040748 13.3227 -15.3693
M -1.75167e-24 2.70238e-18 0.040748 4.20671 -15.3693
M -1.75167e-24 2.70238e-18 0.040748 13.7674 -15.3693
C -97 -79
M -1.75167e-24 2.70238e-18 0.040748 3.11353 -13.7318
M -1.75167e-24 2.70238e-18 0.040748 13.4339 -13.7318
M -1.75167e-24 2.70238e-18 0.040748 4.22524 -13.7318
M -1.75167e-24 2.70238e-18 0.040748 13.7674 -13.7318
C -95 -87
M 0 0 0 3.14132 -12.471
M -1.75167e-24 2.70238e-18 0.040748 13.3783 -12.471
M 0 3.599 3 4.2623 -12.471
M 13.199 3.599 3 13.7304 -12.471
C -98 -103
M 0 0 0 3.06721 -11.349
M -1.75167e-24 2.70238e-18 0.040748 13.3783 -11.349
M 0 3.599 3 4.22524 -11.349
M 13.199 3.599 3 13.6933 -11.349
C -90 -117
M -1.75167e-24 2.70238e-18 0.040748 3.11353 -11.1864
M -1.75167e-24 2.70238e-18 0.040748 13.3413 -11.1864
M -1.75167e-24 2.70238e-18 0.040748 4.22524 -11.1864
M 13.199 3.599 3 13.6192 -11.1864
C -78 -123
M -1.75167e-24 2.70238e-18 0.040748 3.15058 -11.8858
M -1.75167e-24 2.70238e-18 0.040748 13.2857 -11.8858
M -1.75167e-24 2.70238e-18 0.040748 4.28083 -11.8858
C -77 -132
C -89 -143
M -1.75167e-24 2.70238e-18 0.040748 13.2486 -15.1195
M -1.75167e-24 2.70238e-18 0.040748 4.2623 -15.1195
M -1.75167e-24 2.70238e-18 0.040748 13.6192 -15.1195
C -99 -148
M -1.75167e-24 2.70238e-18 0.040748 3.11353 -17.4643
M -1.75167e-24 2.70238e-18 0.040748 13.1189 -17.4643
M -1.75167e-24 2.70238e-18 0.040748 4.24377 -17.4643
M -1.75167e-24 2.70238e-18 0.040748 13.6192 -17.4643
C -105 -144
M -1.75167e-24 2.70238e-18 0.040748 13.1004 -19.8306
C -116 -136
C -126 -137
M -1.75167e-24 2.70238e-18 0.040748 3.14132 -21.9772
M -1.75167e-24 2.70238e-18 0.040748 13.1189 -21.9772
M -1.75167e-24 2.70238e-18 0.040748 4.28083 -21.9772
M -1.75167e-24 2.70238e-18 0.040748 13.508 -21.9772
C -135 -144
M -1.75167e-24 2.70238e-18 0.040748 3.17838 -22.0597
M -1.75167e-24 2.70238e-18 0.040748 13.1004 -22.0597
M -1.75167e-24 2.70238e-18 0.040748 4.24377 -22.0597
M -1.75167e-24 2.70238e-18 0.040748 13.508 -22.0597
C -143 -150
M -1.75167e-24 2.70238e-18 0.040748 3.17838 -22.3641
M -1.75167e-24 2.70238e-18 0.040748 13.0633 -22.3641
M -1.75167e-24 2.70238e-18 0.040748 4.29935 -22.3641
M -1.75167e-24 2.70238e-18 0.040748 13.471 -22.3641
C -149 -155
M -1.75167e-24 2.70238e-18 0.040748 3.10426 -23.4207
M -1.75167e-24 2.70238e-18 0.040748 13.0448 -23.4207
M -1.75167e-24 2.70238e-18 0.040748 4.28083 -23.4207
M -1.75167e-24 2.70238e-18 0.040748 13.3598 -23.4207
C -147 -154
M -1.75167e-24 2.70238e-18 0.040748 3.07647 -23.8496
M -1.75167e-24 2.70238e-18 0.040748 12.9707 -23.8496
M -1.75167e-24 2.70238e-18 0.040748 4.28083 -23.8496
M -1.75167e-24 2.70238e-18 0.040748 13.3227 -23.8496
C -147 -151
C -143 -149
M -1.75167e-24 2.70238e-18 0.040748 3.03015 -24.3972
M -1.75167e-24 2.70238e-18 0.040748 12.9151 -24.3972
M -1.75167e-24 2.70238e-18 0.040748 4.29935 -24.3972
M -1.75167e-24 2.70238e-18 0.040748 13.2857 -24.3972
C -144 -152
M -1.75167e-24 2.70238e-18 0.040748 2.93751 -25.1505
M -1.75167e-24 2.70238e-18 0.040748 12.8966 -25.1505
M -1.75167e-24 2.70238e-18 0.040748 4.28083 -25.1505
M -1.75167e-24 2.70238e-18 0.040748 13.2857 -25.1505
C -145 -151
M -1.75167e-24 2.70238e-18 0.040748 3.12279 -25.3816
M -1.75167e-24 2.70238e-18 0.040748 12.8225 -25.3816
M -1.75167e-24 2.70238e-18 0.040748 4.33641 -25.3816
M -1.75167e-24 2.70238e-18 0.040748 13.2486 -25.3816
C -142 -147
M -1.75167e-24 2.70238e-18 0.040748 3.18764 -25.6756
M -1.75167e-24 2.70238e-18 0.040748 12.7854 -25.6756
M -1.75167e-24 2.70238e-18 0.040748 4.33641 -25.6756
M -1.75167e-24 2.70238e-18 0.040748 13.2486 -25.6756
C -134 -140
M -1.75167e-24 2.70238e-18 0.040748 3.17838 -26.3323
M -1.75167e-24 2.70238e-18 0.040748 12.7484 -26.3323
M -1.75167e-24 2.70238e-18 0.040748 4.31788 -26.3323
M -1.75167e-24 2.70238e-18 0.040748 13.1745 -26.3323
C -131 -137
M -1.75167e-24 2.70238e-18 0.040748 3.16911 -26.7483
M -1.75167e-24 2.70238e-18 0.040748 12.6928 -26.7483
M -1.75167e-24 2.70238e-18 0.040748 4.37347 -26.7483
M -1.75167e-24 2.70238e-18 0.040748 13.1004 -26.7483
C -132 -139
M -1.75167e-24 2.70238e-18 0.040748 3.2247 -27.0596
M -1.75167e-24 2.70238e-18 0.040748 12.6557 -27.0596
M -1.75167e-24 2.70238e-18 0.040748 4.392 -27.0596
M -1.75167e-24 2.70238e-18 0.040748 13.0633 -27.0596
C -131 -136
M -1.75167e-24 2.70238e-18 0.040748 3.16911 -27.2299
M -1.75167e-24 2.70238e-18 0.040748 12.6372 -27.2299
M -1.75167e-24 2.70238e-18 0.040748 4.392 -27.2299
M -1.75167e-24 2.70238e-18 0.040748 12.9892 -27.2299
C -129 -134
C -123 -128
M -1.75167e-24 2.70238e-18 0.040748 3.2247 -27.6924
M -1.75167e-24 2.70238e-18 0.040748 12.5631 -27.6924
M -1.75167e-24 2.70238e-18 0.040748 4.392 -27.6924
C -126 -130
C -126 -132
M -1.75167e-24 2.70238e-18 0.040748 12.5816 -29.2965
M -1.75167e-24 2.70238e-18 0.040748 4.44758 -29.2965
M -1.75167e-24 2.70238e-18 0.040748 12.9892 -29.2965
C -129 -136
M -1.75167e-24 2.70238e-18 0.040748 3.2247 -30.1705
M -1.75167e-24 2.70238e-18 0.040748 12.5445 -30.1705
M -1.75167e-24 2.70238e-18 0.040748 4.41052 -30.1705
M -1.75167e-24 2.70238e-18 0.040748 12.9151 -30.1705
C -129 -135
M -1.75167e-24 2.70238e-18 0.040748 3.24323 -30.7395
M -1.75167e-24 2.70238e-18 0.040748 12.5075 -30.7395
M -1.75167e-24 2.70238e-18 0.040748 4.41052 -30.7395
M -1.75167e-24 2.70238e-18 0.040748 12.841 -30.7395
C -131 -135
M -1.75167e-24 2.70238e-18 0.040748 3.24323 -31.6402
M -1.75167e-24 2.70238e-18 0.040748 12.4704 -31.6402
M -1.75167e-24 2.70238e-18 0.040748 4.42905 -31.6402
M -1.75167e-24 2.70238e-18 0.040748 12.8781 -31.6402
C -131 -136
M -1.75167e-24 2.70238e-18 0.040748 3.27102 -32.5484
M -1.75167e-24 2.70238e-18 0.040748 12.4519 -32.5484
M -1.75167e-24 2.70238e-18 0.040748 4.48464 -32.5484
M -1.75167e-24 2.70238e-18 0.040748 12.7298 -32.5484
C -129 -136
M -1.75167e-24 2.70238e-18 0.040748 3.27102 -32.5286
M -1.75167e-24 2.70238e-18 0.040748 12.3963 -32.5286
M -1.75167e-24 2.70238e-18 0.040748 4.41052 -32.5286
M -1.75167e-24 2.70238e-18 0.040748 12.7298 -32.5286
C -134 -140
M -1.75167e-24 2.70238e-18 0.040748 3.27102 -34.0001
M -1.75167e-24 2.70238e-18 0.040748 12.3407 -34.0001
M -1.75167e-24 2.70238e-18 0.040748 4.41052 -34.0001
M -1.75167e-24 2.70238e-18 0.040748 12.7298 -34.0001
C -133 -141
M -1.75167e-24 2.70238e-18 0.040748 3.30808 -34.6414
M -1.75167e-24 2.70238e-18 0.040748 12.3037 -34.6414
M -1.75167e-24 2.70238e-18 0.040748 4.50317 -34.6414
M -1.75167e-24 2.70238e-18 0.040748 12.6187 -34.6414
C -127 -131
M -1.75167e-24 2.70238e-18 0.040748 3.33587 -35.6502
M -1.75167e-24 2.70238e-18 0.040748 12.2666 -35.6502
M -1.75167e-24 2.70238e-18 0.040748 4.46611 -35.6502
M -1.75167e-24 2.70238e-18 0.040748 12.5816 -35.6502
C -123 -128
M -1.75167e-24 2.70238e-18 0.040748 3.28955 -36.6159
M -1.75167e-24 2.70238e-18 0.040748 12.2296 -36.6159
M -1.75167e-24 2.70238e-18 0.040748 4.46611 -36.6159
C -126 -131
C -123 -127
M -1.75167e-24 2.70238e-18 0.040748 3.36366 -36.6111
M -1.75167e-24 2.70238e-18 0.040748 12.1925 -36.6111
M -1.75167e-24 2.70238e-18 0.040748 4.54022 -36.6111
M -1.75167e-24 2.70238e-18 0.040748 12.5816 -36.6111
C -123 -129
M -1.75167e-24 2.70238e-18 0.040748 3.39146 -36.3358
M -1.75167e-24 2.70238e-18 0.040748 12.1184 -36.3358
M -1.75167e-24 2.70238e-18 0.040748 4.48464 -36.3358
M -1.75167e-24 2.70238e-18 0.040748 12.4704 -36.3358
C -125 -130
M -1.75167e-24 2.70238e-18 0.040748 3.40998 -36.8274
M -1.75167e-24 2.70238e-18 0.040748 12.1554 -36.8274
M -1.75167e-24 2.70238e-18 0.040748 4.50317 -36.8274
M -1.75167e-24 2.70238e-18 0.040748 12.4334 -36.8274
C -124 -130
C -118 -124
M -1.75167e-24 2.70238e-18 0.040748 3.41925 -36.5089
M -1.75167e-24 2.70238e-18 0.040748 4.54022 -36.5089
M -1.75167e-24 2.70238e-18 0.040748 12.3963 -36.5089
C -124 -127
M -1.75167e-24 2.70238e-18 0.040748 3.4841 -36.6164
M -1.75167e-24 2.70238e-18 0.040748 12.0072 -36.6164
M -1.75167e-24 2.70238e-18 0.040748 4.55875 -36.6164
M -1.75167e-24 2.70238e-18 0.040748 12.3963 -36.6164
C -128 -133
M -1.75167e-24 2.70238e-18 0.040748 3.47483 -36.3578
M -1.75167e-24 2.70238e-18 0.040748 12.0072 -36.3578
M -1.75167e-24 2.70238e-18 0.040748 4.57728 -36.3578
M -1.75167e-24 2.70238e-18 0.040748 12.3963 -36.3578
C -134 -139
M -1.75167e-24 2.70238e-18 0.040748 3.50263 -35.9757
M -1.75167e-24 2.70238e-18 0.040748 11.9887 -35.9757
M -1.75167e-24 2.70238e-18 0.040748 4.5217 -35.9757
M -1.75167e-24 2.70238e-18 0.040748 12.2851 -35.9757
C -132 -139
M -1.75167e-24 2.70238e-18 0.040748 3.51189 -35.8737
M -1.75167e-24 2.70238e-18 0.040748 11.896 -35.8737
M -1.75167e-24 2.70238e-18 0.040748 4.59581 -35.8737
M -1.75167e-24 2.70238e-18 0.040748 12.3222 -35.8737
C -133 -139
M -1.75167e-24 2.70238e-18 0.040748 3.55821 -35.6704
M -1.75167e-24 2.70238e-18 0.040748 11.8775 -35.6704
M -1.75167e-24 2.70238e-18 0.040748 4.6514 -35.6704
M -1.75167e-24 2.70238e-18 0.040748 12.2481 -35.6704
C -135 -140
C -143 -134
M -1.75167e-24 2.70238e-18 0.040748 3.63233 -35.5812
M -1.75167e-24 2.70238e-18 0.040748 11.8775 -35.5812
M -1.75167e-24 2.70238e-18 0.040748 4.55875 -35.5812
M -1.75167e-24 2.70238e-18 0.040748 12.211 -35.5812
C -151 -125
M -1.75167e-24 2.70238e-18 0.040748 3.6138 -35.5753
M -1.75167e-24 2.70238e-18 0.040748 11.859 -35.5753
M -1.75167e-24 2.70238e-18 0.040748 4.57728 -35.5753
M -1.75167e-24 2.70238e-18 0.040748 12.174 -35.5753
C -161 -117
M -1.75167e-24 2.70238e-18 0.040748 3.6138 -35.275
M -1.75167e-24 2.70238e-18 0.040748 11.8034 -35.275
M -1.75167e-24 2.70238e-18 0.040748 4.63287 -35.275
M -1.75167e-24 2.70238e-18 0.040748 12.1369 -35.275
C -166 -111
M -1.75167e-24 2.70238e-18 0.040748 3.60453 -33.531
M -1.75167e-24 2.70238e-18 0.040748 11.7293 -33.531
M -1.75167e-24 2.70238e-18 0.040748 4.59581 -33.531
M -1.75167e-24 2.70238e-18 0.040748 12.0999 -33.531
C -161 -103
M -1.75167e-24 2.70238e-18 0.040748 3.64159 -31.6561
M -1.75167e-24 2.70238e-18 0.040748 11.6922 -31.6561
M -1.75167e-24 2.70238e-18 0.040748 4.6514 -31.6561
M -1.75167e-24 2.70238e-18 0.040748 12.0999 -31.6561
C -158 -97
M -1.75167e-24 2.70238e-18 0.040748 3.7157 -29.1796
M -1.75167e-24 2.70238e-18 0.040748 11.5996 -29.1796
M -1.75167e-24 2.70238e-18 0.040748 4.70698 -29.1796
M -1.75167e-24 2.70238e-18 0.040748 12.0257 -29.1796
C -152 -99
M -1.75167e-24 2.70238e-18 0.040748 3.63233 -26.6946
M -1.75167e-24 2.70238e-18 0.040748 11.4514 -26.6946
M -1.75167e-24 2.70238e-18 0.040748 4.7811 -26.6946
M -1.75167e-24 2.70238e-18 0.040748 11.9887 -26.6946
C -144 -102
C -124 -103
M -1.75167e-24 2.70238e-18 0.040748 3.70644 -22.5287
M -1.75167e-24 2.70238e-18 0.040748 11.3958 -22.5287
M -1.75167e-24 2.70238e-18 0.040748 4.74404 -22.5287
M -1.75167e-24 2.70238e-18 0.040748 11.9146 -22.5287
C -115 -106
M -1.75167e-24 2.70238e-18 0.040748 3.76203 -21.6431
M -1.75167e-24 2.70238e-18 0.040748 4.74404 -21.6431
M -1.75167e-24 2.70238e-18 0.040748 11.9146 -21.6431
C -117 -115
C -118 -120
M -1.75167e-24 2.70238e-18 0.040748 3.81761 -21.2883
M -1.75167e-24 2.70238e-18 0.040748 11.4143 -21.2883
M -1.75167e-24 2.70238e-18 0.040748 4.81815 -21.2883
M -1.75167e-24 2.70238e-18 0.040748 11.8775 -21.2883
C -114 -117
M -1.75167e-24 2.70238e-18 0.040748 3.79908 -21.3099
M -1.75167e-24 2.70238e-18 0.040748 11.3402 -21.3099
M -1.75167e-24 2.70238e-18 0.040748 4.85521 -21.3099
M -1.75167e-24 2.70238e-18 0.040748 11.9146 -21.3099
C -113 -116
M -1.75167e-24 2.70238e-18 0.040748 3.86393 -22.0569
M -1.75167e-24 2.70238e-18 0.040748 11.2846 -22.0569
M -1.75167e-24 2.70238e-18 0.040748 4.87374 -22.0569
M -1.75167e-24 2.70238e-18 0.040748 11.8775 -22.0569
C -119 -123
M -1.75167e-24 2.70238e-18 0.040748 3.92878 -21.589
M -1.75167e-24 2.70238e-18 0.040748 11.229 -21.589
M -1.75167e-24 2.70238e-18 0.040748 4.92932 -21.589
M -1.75167e-24 2.70238e-18 0.040748 11.8405 -21.589
C -120 -124
M -1.75167e-24 2.70238e-18 0.040748 3.83614 -21.6738
M -1.75167e-24 2.70238e-18 0.040748 11.229 -21.6738
M -1.75167e-24 2.70238e-18 0.040748 4.96638 -21.6738
M -1.75167e-24 2.70238e-18 0.040748 11.8405 -21.6738
C -118 -124
M -1.75167e-24 2.70238e-18 0.040748 3.90099 -21.4059
M -1.75167e-24 2.70238e-18 0.040748 11.1734 -21.4059
M -1.75167e-24 2.70238e-18 0.040748 5.00344 -21.4059
M -1.75167e-24 2.70238e-18 0.040748 11.8034 -21.4059
C -124 -130
M -1.75167e-24 2.70238e-18 0.040748 3.89173 -22.325
M -1.75167e-24 2.70238e-18 0.040748 11.0993 -22.325
M -1.75167e-24 2.70238e-18 0.040748 5.00344 -22.325
M -1.75167e-24 2.70238e-18 0.040748 11.6552 -22.325
C -131 -135
M -1.75167e-24 2.70238e-18 0.040748 3.95658 -22.1083
M -1.75167e-24 2.70238e-18 0.040748 11.1179 -22.1083
M -1.75167e-24 2.70238e-18 0.040748 5.02197 -22.1083
C -126 -131
M -1.75167e-24 2.70238e-18 0.040748 3.94731 -22.4442
M -1.75167e-24 2.70238e-18 0.040748 11.0067 -22.4442
M -1.75167e-24 2.70238e-18 0.040748 5.04049 -22.4442
M -1.75167e-24 2.70238e-18 0.040748 11.6552 -22.4442
C -127 -132
M -1.75167e-24 2.70238e-18 0.040748 3.96584 -22.13
M -1.75167e-24 2.70238e-18 0.040748 10.9882 -22.13
M -1.75167e-24 2.70238e-18 0.040748 5.05902 -22.13
C -131 -136
C -129 -136
M -1.75167e-24 2.70238e-18 0.040748 10.9511 -21.9657
M -1.75167e-24 2.70238e-18 0.040748 5.15167 -21.9657
M -1.75167e-24 2.70238e-18 0.040748 11.544 -21.9657
C -132 -139
C -131 -135
M -1.75167e-24 2.70238e-18 0.040748 4.01216 -22.5316
M -1.75167e-24 2.70238e-18 0.040748 10.8955 -22.5316
M -1.75167e-24 2.70238e-18 0.040748 5.17019 -22.5316
M -1.75167e-24 2.70238e-18 0.040748 11.544 -22.5316
C -133 -138
M -1.75167e-24 2.70238e-18 0.040748 4.02143 -23.2994
M -1.75167e-24 2.70238e-18 0.040748 10.8399 -23.2994
M -1.75167e-24 2.70238e-18 0.040748 5.20725 -23.2994
M -1.75167e-24 2.70238e-18 0.040748 11.4328 -23.2994
C -134 -139
M -1.75167e-24 2.70238e-18 0.040748 4.1048 -23.6013
M -1.75167e-24 2.70238e-18 0.040748 10.877 -23.6013
M -1.75167e-24 2.70238e-18 0.040748 5.20725 -23.6013
M -1.75167e-24 2.70238e-18 0.040748 11.4699 -23.6013
C -134 -141
M -1.75167e-24 2.70238e-18 0.040748 4.06775 -23.9743
M -1.75167e-24 2.70238e-18 0.040748 10.7473 -23.9743
M -1.75167e-24 2.70238e-18 0.040748 5.24431 -23.9743
M -1.75167e-24 2.70238e-18 0.040748 11.5069 -23.9743
C -136 -142
M -1.75167e-24 2.70238e-18 0.040748 4.08628 -24.6098
M -1.75167e-24 2.70238e-18 0.040748 10.7102 -24.6098
M -1.75167e-24 2.70238e-18 0.040748 5.28137 -24.6098
M -1.75167e-24 2.70238e-18 0.040748 11.3587 -24.6098
C -140 -146
M -1.75167e-24 2.70238e-18 0.040748 4.09554 -25.2634
M -1.75167e-24 2.70238e-18 0.040748 10.6917 -25.2634
M -1.75167e-24 2.70238e-18 0.040748 5.24431 -25.2634
M -1.75167e-24 2.70238e-18 0.040748 11.3587 -25.2634
C -138 -152
M -1.75167e-24 2.70238e-18 0.040748 4.15113 -25.4773
M -1.75167e-24 2.70238e-18 0.040748 10.6361 -25.4773
M -1.75167e-24 2.70238e-18 0.040748 5.35548 -25.4773
M -1.75167e-24 2.70238e-18 0.040748 11.3217 -25.4773
C -129 -160
M -1.75167e-24 2.70238e-18 0.040748 4.18818 -26.1314
M -1.75167e-24 2.70238e-18 0.040748 10.5249 -26.1314
C -129 -160
M -1.75167e-24 2.70238e-18 0.040748 11.3587 -27.8388
C -140 -159
M -1.75167e-24 2.70238e-18 0.040748 4.2345 -29.8195
M -1.75167e-24 2.70238e-18 0.040748 10.6361 -29.8195
M -1.75167e-24 2.70238e-18 0.040748 5.31842 -29.8195
M -1.75167e-24 2.70238e-18 0.040748 11.2476 -29.8195
C -152 -163
M -1.75167e-24 2.70238e-18 0.040748 4.2345 -31.8379
M -1.75167e-24 2.70238e-18 0.040748 10.5991 -31.8379
M -1.75167e-24 2.70238e-18 0.040748 5.41107 -31.8379
M -1.75167e-24 2.70238e-18 0.040748 11.1364 -31.8379
C -155 -164
M -1.75167e-24 2.70238e-18 0.040748 4.2623 -32.803
M -1.75167e-24 2.70238e-18 0.040748 10.5805 -32.803
M -1.75167e-24 2.70238e-18 0.040748 5.41107 -32.803
M -1.75167e-24 2.70238e-18 0.040748 11.1364 -32.803
C -156 -166
M -1.75167e-24 2.70238e-18 0.040748 4.30862 -34.0575
M -1.75167e-24 2.70238e-18 0.040748 10.562 -34.0575
M -1.75167e-24 2.70238e-18 0.040748 5.41107 -34.0575
M -1.75167e-24 2.70238e-18 0.040748 11.0993 -34.0575
C -157 -164
M -1.75167e-24 2.70238e-18 0.040748 4.30862 -34.8123
M -1.75167e-24 2.70238e-18 0.040748 10.5435 -34.8123
M -1.75167e-24 2.70238e-18 0.040748 5.48518 -34.8123
M -1.75167e-24 2.70238e-18 0.040748 11.0252 -34.8123
C -151 -161
C -147 -154
M -1.75167e-24 2.70238e-18 0.040748 10.5064 -37.0675
M -1.75167e-24 2.70238e-18 0.040748 5.54076 -37.0675
C -144 -150
M -1.75167e-24 2.70238e-18 0.040748 4.33641 -37.3243
M -1.75167e-24 2.70238e-18 0.040748 10.5064 -37.3243
M -1.75167e-24 2.70238e-18 0.040748 5.54076 -37.3243
M -1.75167e-24 2.70238e-18 0.040748 10.9511 -37.3243
C -148 -153
M -1.75167e-24 2.70238e-18 0.040748 4.29009 -37.8724
M -1.75167e-24 2.70238e-18 0.040748 10.4879 -37.8724
M -1.75167e-24 2.70238e-18 0.040748 5.61488 -37.8724
M -1.75167e-24 2.70238e-18 0.040748 10.9511 -37.8724
C -148 -154
M -1.75167e-24 2.70238e-18 0.040748 4.38273 -38.202
C -138 -146
M -1.75167e-24 2.70238e-18 0.040748 5.63341 -38.263
M -1.75167e-24 2.70238e-18 0.040748 10.877 -38.263
C -133 -140
M -1.75167e-24 2.70238e-18 0.040748 4.38273 -38.3219
M -1.75167e-24 2.70238e-18 0.040748 10.3767 -38.3219
M -1.75167e-24 2.70238e-18 0.040748 5.68899 -38.3219
M -1.75167e-24 2.70238e-18 0.040748 10.877 -38.3219
C -135 -142
M -1.75167e-24 2.70238e-18 0.040748 4.44758 -38.9821
M -1.75167e-24 2.70238e-18 0.040748 10.3026 -38.9821
M -1.75167e-24 2.70238e-18 0.040748 5.70752 -38.9821
M -1.75167e-24 2.70238e-18 0.040748 10.8029 -38.9821
C -140 -143
M -1.75167e-24 2.70238e-18 0.040748 4.67919 -38.8864
M -1.75167e-24 2.70238e-18 0.040748 10.3211 -38.8864
M -1.75167e-24 2.70238e-18 0.040748 5.76311 -38.8864
M -1.75167e-24 2.70238e-18 0.040748 10.7658 -38.8864
C -140 -146
M -1.75167e-24 2.70238e-18 0.040748 4.57728 -38.0351
M -1.75167e-24 2.70238e-18 0.040748 10.247 -38.0351
M -1.75167e-24 2.70238e-18 0.040748 5.76311 -38.0351
M -1.75167e-24 2.70238e-18 0.040748 10.7658 -38.0351
C -138 -144
M -1.75167e-24 2.70238e-18 0.040748 10.247 -38.858
M -1.75167e-24 2.70238e-18 0.040748 5.74458 -38.858
M -1.75167e-24 2.70238e-18 0.040748 10.6546 -38.858
C -136 -144
M -1.75167e-24 2.70238e-18 0.040748 4.84594 -38.3323
M -1.75167e-24 2.70238e-18 0.040748 10.1729 -38.3323
M -1.75167e-24 2.70238e-18 0.040748 5.78164 -38.3323
M -1.75167e-24 2.70238e-18 0.040748 10.6176 -38.3323
C -142 -148
M -1.75167e-24 2.70238e-18 0.040748 5.15167 -38.023
M -1.75167e-24 2.70238e-18 0.040748 10.1358 -38.023
M -1.75167e-24 2.70238e-18 0.040748 5.76311 -38.023
M -1.75167e-24 2.70238e-18 0.040748 10.5805 -38.023
C -146 -151
M -1.75167e-24 2.70238e-18 0.040748 5.17019 -37.7631
M -1.75167e-24 2.70238e-18 0.040748 10.0988 -37.7631
M -1.75167e-24 2.70238e-18 0.040748 5.81869 -37.7631
M -1.75167e-24 2.70238e-18 0.040748 10.6176 -37.7631
C -139 -144
M -1.75167e-24 2.70238e-18 0.040748 5.18872 -36.5333
M -1.75167e-24 2.70238e-18 0.040748 10.0432 -36.5333
M -1.75167e-24 2.70238e-18 0.040748 5.85575 -36.5333
M -1.75167e-24 2.70238e-18 0.040748 10.5064 -36.5333
C -136 -143
M -1.75167e-24 2.70238e-18 0.040748 5.19799 -35.723
M -1.75167e-24 2.70238e-18 0.040748 10.0247 -35.723
M -1.75167e-24 2.70238e-18 0.040748 5.87428 -35.723
C -135 -141
C -134 -141
C -131 -136
M -1.75167e-24 2.70238e-18 0.040748 9.98761 -35.833
M -1.75167e-24 2.70238e-18 0.040748 5.92986 -35.833
M -1.75167e-24 2.70238e-18 0.040748 10.5064 -35.833
C -133 -138
M -1.75167e-24 2.70238e-18 0.040748 4.96638 -35.2647
M -1.75167e-24 2.70238e-18 0.040748 9.95055 -35.2647
M -1.75167e-24 2.70238e-18 0.040748 5.96692 -35.2647
M -1.75167e-24 2.70238e-18 0.040748 10.4323 -35.2647
C -136 -141
M -1.75167e-24 2.70238e-18 0.040748 5.06829 -35.5077
M -1.75167e-24 2.70238e-18 0.040748 9.89497 -35.5077
M -1.75167e-24 2.70238e-18 0.040748 5.96692 -35.5077
M -1.75167e-24 2.70238e-18 0.040748 10.3582 -35.5077
C -136 -142
M -1.75167e-24 2.70238e-18 0.040748 5.09608 -34.8831
M -1.75167e-24 2.70238e-18 0.040748 9.83938 -34.8831
M -1.75167e-24 2.70238e-18 0.040748 6.02251 -34.8831
M -1.75167e-24 2.70238e-18 0.040748 10.3582 -34.8831
C -134 -141
M -1.75167e-24 2.70238e-18 0.040748 5.41107 -34.5525
M -1.75167e-24 2.70238e-18 0.040748 9.83938 -34.5525
M -1.75167e-24 2.70238e-18 0.040748 6.00398 -34.5525
M -1.75167e-24 2.70238e-18 0.040748 10.2841 -34.5525
C -132 -138
M -1.75167e-24 2.70238e-18 0.040748 5.00344 -35.0954
M -1.75167e-24 2.70238e-18 0.040748 9.74674 -35.0954
M -1.75167e-24 2.70238e-18 0.040748 6.07809 -35.0954
M -1.75167e-24 2.70238e-18 0.040748 10.2841 -35.0954
C -134 -139
M -1.75167e-24 2.70238e-18 0.040748 4.97564 -35.3097
M -1.75167e-24 2.70238e-18 0.040748 6.09662 -35.3097
M -1.75167e-24 2.70238e-18 0.040748 10.247 -35.3097
C -135 -139
M -1.75167e-24 2.70238e-18 0.040748 5.06829 -35.6681
M -1.75167e-24 2.70238e-18 0.040748 9.67263 -35.6681
M -1.75167e-24 2.70238e-18 0.040748 6.11515 -35.6681
M -1.75167e-24 2.70238e-18 0.040748 10.21 -35.6681
C -134 -140
M -1.75167e-24 2.70238e-18 0.040748 5.04049 -35.9106
M -1.75167e-24 2.70238e-18 0.040748 9.61704 -35.9106
C -137 -143
M -1.75167e-24 2.70238e-18 0.040748 10.0988 -35.9929
C -139 -145
M -1.75167e-24 2.70238e-18 0.040748 5.0127 -36.5053
M -1.75167e-24 2.70238e-18 0.040748 9.57998 -36.5053
M -1.75167e-24 2.70238e-18 0.040748 6.15221 -36.5053
M -1.75167e-24 2.70238e-18 0.040748 10.1729 -36.5053
C -142 -147
M -1.75167e-24 2.70238e-18 0.040748 5.12387 -37.2559
M -1.75167e-24 2.70238e-18 0.040748 9.5244 -37.2559
M -1.75167e-24 2.70238e-18 0.040748 6.20779 -37.2559
M -1.75167e-24 2.70238e-18 0.040748 10.0617 -37.2559
C -146 -149
M -1.75167e-24 2.70238e-18 0.040748 5.15167 -37.0632
M -1.75167e-24 2.70238e-18 0.040748 9.5244 -37.0632
M -1.75167e-24 2.70238e-18 0.040748 6.20779 -37.0632
M -1.75167e-24 2.70238e-18 0.040748 9.9135 -37.0632
C -153 -149
M -1.75167e-24 2.70238e-18 0.040748 5.24431 -37.291
M -1.75167e-24 2.70238e-18 0.040748 9.43176 -37.291
M -1.75167e-24 2.70238e-18 0.040748 6.26338 -37.291
M -1.75167e-24 2.70238e-18 0.040748 9.9135 -37.291
C -160 -138
C -160 -129
M -1.75167e-24 2.70238e-18 0.040748 5.2721 -38.7539
M -1.75167e-24 2.70238e-18 0.040748 9.41323 -38.7539
M -1.75167e-24 2.70238e-18 0.040748 6.24485 -38.7539
M -1.75167e-24 2.70238e-18 0.040748 9.95055 -38.7539
C -167 -128
M -1.75167e-24 2.70238e-18 0.040748 5.4018 -38.7673
M -1.75167e-24 2.70238e-18 0.040748 9.3947 -38.7673
M -1.75167e-24 2.70238e-18 0.040748 6.28191 -38.7673
M -1.75167e-24 2.70238e-18 0.040748 9.9135 -38.7673
C -171 -129
M -1.75167e-24 2.70238e-18 0.040748 5.52224 -37.5381
M -1.75167e-24 2.70238e-18 0.040748 9.28353 -37.5381
M -1.75167e-24 2.70238e-18 0.040748 6.17073 -37.5381
M -1.75167e-24 2.70238e-18 0.040748 9.87644 -37.5381
C -171 -126
M -1.75167e-24 2.70238e-18 0.040748 5.5315 -35.8978
M -1.75167e-24 2.70238e-18 0.040748 9.265 -35.8978
M -1.75167e-24 2.70238e-18 0.040748 6.09662 -35.8978
M -1.75167e-24 2.70238e-18 0.040748 9.87644 -35.8978
C -163 -129
M -1.75167e-24 2.70238e-18 0.040748 5.5315 -34.1386
C -146 -133
M -1.75167e-24 2.70238e-18 0.040748 6.20779 -32.6406
M -1.75167e-24 2.70238e-18 0.040748 9.83938 -32.6406
C -146 -141
M -1.75167e-24 2.70238e-18 0.040748 5.58709 -32.5102
M -1.75167e-24 2.70238e-18 0.040748 9.17236 -32.5102
M -1.75167e-24 2.70238e-18 0.040748 6.33749 -32.5102
M -1.75167e-24 2.70238e-18 0.040748 9.80233 -32.5102
C -147 -148
M -1.75167e-24 2.70238e-18 0.040748 5.60561 -32.4727
M -1.75167e-24 2.70238e-18 0.040748 9.11677 -32.4727
M -1.75167e-24 2.70238e-18 0.040748 6.41161 -32.4727
M -1.75167e-24 2.70238e-18 0.040748 9.69115 -32.4727
C -147 -149
M -1.75167e-24 2.70238e-18 0.040748 5.67973 -32.42
M -1.75167e-24 2.70238e-18 0.040748 9.06118 -32.42
M -1.75167e-24 2.70238e-18 0.040748 6.44866 -32.42
M -1.75167e-24 2.70238e-18 0.040748 9.69115 -32.42
C -143 -147
M -1.75167e-24 2.70238e-18 0.040748 5.73531 -32.7205
M -1.75167e-24 2.70238e-18 0.040748 9.0056 -32.7205
M -1.75167e-24 2.70238e-18 0.040748 6.41161 -32.7205
M -1.75167e-24 2.70238e-18 0.040748 9.69115 -32.7205
C -147 -152
M -1.75167e-24 2.70238e-18 0.040748 5.71679 -32.6462
M -1.75167e-24 2.70238e-18 0.040748 8.95001 -32.6462
M -1.75167e-24 2.70238e-18 0.040748 6.59689 -32.6462
M -1.75167e-24 2.70238e-18 0.040748 9.61704 -32.6462
C -151 -157
M -1.75167e-24 2.70238e-18 0.040748 5.74458 -32.9766
M -1.75167e-24 2.70238e-18 0.040748 8.96854 -32.9766
M -1.75167e-24 2.70238e-18 0.040748 6.671 -32.9766
M -1.75167e-24 2.70238e-18 0.040748 9.61704 -32.9766
C -155 -160
M -1.75167e-24 2.70238e-18 0.040748 5.76311 -32.8909
M -1.75167e-24 2.70238e-18 0.040748 8.91296 -32.8909
M -1.75167e-24 2.70238e-18 0.040748 6.63395 -32.8909
M -1.75167e-24 2.70238e-18 0.040748 9.50587 -32.8909
C -155 -160
M -1.75167e-24 2.70238e-18 0.040748 5.86501 -33.3936
M -1.75167e-24 2.70238e-18 0.040748 8.91296 -33.3936
M -1.75167e-24 2.70238e-18 0.040748 6.70806 -33.3936
M -1.75167e-24 2.70238e-18 0.040748 9.50587 -33.3936
C -152 -156
C -141 -149
C -142 -148
M -1.75167e-24 2.70238e-18 0.040748 8.82031 -33.7824
M -1.75167e-24 2.70238e-18 0.040748 6.74512 -33.7824
M -1.75167e-24 2.70238e-18 0.040748 9.3947 -33.7824
C -147 -153
M -1.75167e-24 2.70238e-18 0.040748 5.99471 -34.3012
M -1.75167e-24 2.70238e-18 0.040748 8.82031 -34.3012
M -1.75167e-24 2.70238e-18 0.040748 6.87482 -34.3012
M -1.75167e-24 2.70238e-18 0.040748 9.43176 -34.3012
C -148 -153
M -1.75167e-24 2.70238e-18 0.040748 5.96692 -34.0329
M -1.75167e-24 2.70238e-18 0.040748 8.7462 -34.0329
M -1.75167e-24 2.70238e-18 0.040748 6.9304 -34.0329
M -1.75167e-24 2.70238e-18 0.040748 9.35764 -34.0329
C -145 -149
M -1.75167e-24 2.70238e-18 0.040748 6.03177 -33.2262
M -1.75167e-24 2.70238e-18 0.040748 8.72767 -33.2262
M -1.75167e-24 2.70238e-18 0.040748 7.09716 -33.2262
M -1.75167e-24 2.70238e-18 0.040748 9.35764 -33.2262
C -139 -147
M -1.75167e-24 2.70238e-18 0.040748 6.05956 -32.9166
M -1.75167e-24 2.70238e-18 0.040748 8.69061 -32.9166
M -1.75167e-24 2.70238e-18 0.040748 7.11569 -32.9166
M -1.75167e-24 2.70238e-18 0.040748 9.32058 -32.9166
C -145 -151
M 0 0 0 6.07809 -32.0021
M 13.199 0 3 8.63503 -32.0021
M 0 3.599 3 7.00452 -32.0021
M 13.199 3.599 3 9.28353 -32.0021
C -149 -155
M 0 0 0 6.11515 -31.1394
M 13.199 0 3 8.56091 -31.1394
M 0 3.599 3 7.11569 -31.1394
M 13.199 3.599 3 9.20941 -31.1394
C -146 -151
M 0 0 0 6.18 -29.6814
M 0 3.599 3 7.17127 -29.6814
M 13.199 3.599 3 9.20941 -29.6814
C -142 -146
M 0 0 0 6.20779 -29.305
M 13.199 0 3 8.50533 -29.305
M 0 3.599 3 7.1898 -29.305
M 13.199 3.599 3 9.17236 -29.305
C -151 -156
M 0 0 0 6.19853 -28.2958
M 13.199 0 3 8.46827 -28.2958
M 0 3.599 3 7.24539 -28.2958
M 13.199 3.599 3 9.06118 -28.2958
C -157 -163
C -153 -159
M 0 0 0 6.30043 -26.9964
M 13.199 0 3 8.37563 -26.9964
M 0 3.599 3 7.28245 -26.9964
M 13.199 3.599 3 9.02413 -26.9964
C -150 -156
M 0 0 0 6.27264 -26.6621
M 13.199 0 3 8.33857 -26.6621
M 0 3.599 3 7.35656 -26.6621
M 13.199 3.599 3 9.06118 -26.6621
C -151 -154
M 0 0 0 6.34676 -26.9695
M 13.199 0 3 8.33857 -26.9695
M 0 3.599 3 7.33803 -26.9695
M 13.199 3.599 3 8.98707 -26.9695
C -150 -156
C -148 -154
M 0 0 0 6.34676 -27.7083
M 13.199 0 3 8.30151 -27.7083
M 0 3.599 3 7.39362 -27.7083
M 13.199 3.599 3 8.91296 -27.7083
C -149 -156
M 0 0 0 6.4394 -28.281
M 13.199 0 3 8.2274 -28.281
M 0 3.599 3 7.41215 -28.281
M 13.199 3.599 3 8.91296 -28.281
C -153 -158
M 0 0 0 6.40234 -29.2558
M 13.199 0 3 8.19034 -29.2558
M 0 3.599 3 7.48626 -29.2558
M 13.199 3.599 3 8.80178 -29.2558
C -153 -158
M 0 0 0 6.49498 -29.6962
M 13.199 0 3 8.0977 -29.6962
M 0 3.599 3 7.48626 -29.6962
M 13.199 3.599 3 8.83884 -29.6962
C -150 -155
M 0 0 0 6.55057 -30.9025
M 13.199 0 3 8.02359 -30.9025
M 0 3.599 3 7.59743 -30.9025
M 13.199 3.599 3 8.72767 -30.9025
C -149 -155
M 0 0 0 6.51351 -31.9043
M 13.199 0 3 8.04212 -31.9043
M 0 3.599 3 7.5789 -31.9043
M 13.199 3.599 3 8.72767 -31.9043
C -155 -162
M 0 0 0 6.58763 -33.4046
M 13.199 0 3 7.98653 -33.4046
C -152 -156
M 13.199 3.599 3 8.69061 -34.2889
C -150 -155
M 0 0 0 6.66174 -34.9749
M 13.199 0 3 7.968 -34.9749
M 0 3.599 3 7.72713 -34.9749
M 13.199 3.599 3 8.6165 -34.9749
C -158 -163
M 0 0 0 6.68027 -35.1532
M 13.199 0 3 7.91242 -35.1532
M 0 3.599 3 7.65302 -35.1532
M 13.199 3.599 3 8.57944 -35.1532
C -166 -172
M 0 0 0 6.73585 -35.3964
M 13.199 0 3 7.80124 -35.3964
M 0 3.599 3 7.7086 -35.3964
M 13.199 3.599 3 8.54239 -35.3964
C -163 -170
M 0 0 0 6.76365 -36.0173
M 13.199 0 3 7.72713 -36.0173
M 0 3.599 3 7.81977 -36.0173
M 13.199 3.599 3 8.46827 -36.0173
C -161 -161
M 0 0 0 6.8007 -36.7703
M 13.199 0 3 7.76419 -36.7703
M 0 3.599 3 7.85683 -36.7703
M 13.199 3.599 3 8.43121 -36.7703
C -168 -149
M 0 0 0 6.88408 -37.2679
M 13.199 0 3 7.65302 -37.2679
M 0 3.599 3 7.89389 -37.2679
M 13.199 3.599 3 8.43121 -37.2679
C -179 -148
M 0 0 0 6.9304 -36.2443
M 13.199 0 3 7.69007 -36.2443
M 0 3.599 3 7.85683 -36.2443
M 13.199 3.599 3 8.3571 -36.2443
C -184 -142
C -176 -126
M 0 0 0 6.87482 -34.0847
M 13.199 0 3 7.63449 -34.0847
M 0 3.599 3 7.85683 -34.0847
M 13.199 3.599 3 8.3571 -34.0847
C -176 -121
M 0 0 0 6.96746 -32.5342
C -174 -125
M 0 3.599 3 7.87536 -30.0965
M 13.199 3.599 3 8.39416 -30.0965
C -165 -130
M 0 0 0 7.14348 -27.3662
M 13.199 0 3 7.50479 -27.3662
M 0 3.599 3 7.87536 -27.3662
M 13.199 3.599 3 8.24593 -27.3662
C -152 -132
M 0 0 0 7.2176 -25.5501
M 13.199 0 3 7.48626 -25.5501
M 0 3.599 3 7.98653 -25.5501
M 13.199 3.599 3 8.28299 -25.5501
C -146 -137
M 0 0 0 7.25465 -24.7636
M 13.199 0 3 7.4492 -24.7636
M 0 3.599 3 8.00506 -24.7636
M 13.199 3.599 3 8.24593 -24.7636
C -149 -147
M 0 0 0 7.30097 -24.1253
M 13.199 0 3 7.48626 -24.1253
M 0 3.599 3 8.06064 -24.1253
M 13.199 3.599 3 8.17181 -24.1253
C -147 -148
M 0 0 0 7.27318 -23.6877
M 13.199 0 3 7.41215 -23.6877
M 13.199 3.599 3 8.0977 -23.6877
C -140 -143
M 0 0 0 7.35656 -23.5121
M 13.199 0 3 7.3195 -23.5121
M 0 3.599 3 8.13476 -23.5121
M 13.199 3.599 3 8.0977 -23.5121
C -139 -146
M 0 0 0 7.37509 -23.7675
M 13.199 0 3 7.3195 -23.7675
M 0 3.599 3 8.20887 -23.7675
M 13.199 3.599 3 8.0977 -23.7675
C -149 -155
M 0 0 0 7.45847 -23.6352
M 13.199 0 3 7.28245 -23.6352
M 0 3.599 3 8.26446 -23.6352
M 13.199 3.599 3 8.0977 -23.6352
C -154 -160
M 0 0 0 7.4492 -23.0971
M 13.199 0 3 7.28245 -23.0971
M 0 3.599 3 8.24593 -23.0971
M 13.199 3.599 3 8.0977 -23.0971
C -145 -148
M 0 0 0 7.51405 -23.6443
C -136 -141
M 13.199 0 3 7.20833 -23.0832
M 0 3.599 3 8.32004 -23.0832
M 13.199 3.599 3 7.91242 -23.0832
C -141 -146
M 0 0 0 7.54185 -23.9846
M 13.199 0 3 7.1898 -23.9846
M 0 3.599 3 8.37563 -23.9846
M 13.199 3.599 3 7.98653 -23.9846
C -149 -155
C -145 -150
M 0 0 0 7.56964 -24.868
M 13.199 0 3 7.07863 -24.868
M 0 3.599 3 8.37563 -24.868
M 13.199 3.599 3 7.94947 -24.868
C -143 -148
M 0 0 0 7.6067 -25.1218
M 13.199 0 3 7.1898 -25.1218
M 0 3.599 3 8.41269 -25.1218
M 13.199 3.599 3 7.91242 -25.1218
C -144 -156
M 0 0 0 7.63449 -25.7044
M 13.199 0 3 7.02305 -25.7044
M 0 3.599 3 8.46827 -25.7044
M 13.199 3.599 3 7.87536 -25.7044
C -143 -169
M 0 0 0 7.67155 -26.3219
M 13.199 0 3 7.00452 -26.3219
M 0 3.599 3 8.54239 -26.3219
M 13.199 3.599 3 7.80124 -26.3219
C -136 -172
M 0 0 0 7.78272 -27.0746
M 13.199 0 3 6.87482 -27.0746
M 0 3.599 3 8.54239 -27.0746
M 13.199 3.599 3 7.76419 -27.0746
C -136 -173
M 0 0 0 7.74566 -28.5081
M 13.199 0 3 6.78218 -28.5081
M 0 3.599 3 8.57944 -28.5081
M 13.199 3.599 3 7.76419 -28.5081
C -142 -181
M 0 0 0 7.81977 -30.7151
M 13.199 0 3 6.78218 -30.7151
M 0 3.599 3 8.6165 -30.7151
M 13.199 3.599 3 7.69007 -30.7151
C -151 -182
M 0 0 0 7.85683 -32.9487
C -154 -172
M 13.199 3.599 3 7.61596 -35.0079
C -158 -172
M 0 0 0 7.93094 -35.9657
M 13.199 0 3 6.72659 -35.9657
M 0 3.599 3 8.72767 -35.9657
M 13.199 3.599 3 7.65302 -35.9657
C -169 -176
M 0 0 0 7.94947 -37.8059
M 13.199 0 3 6.65248 -37.8059
M 0 3.599 3 8.82031 -37.8059
M 13.199 3.599 3 7.61596 -37.8059
C -163 -169
M 0 0 0 7.97727 -37.711
M 13.199 0 3 6.65248 -37.711
M 0 3.599 3 8.80178 -37.711
M 13.199 3.599 3 7.54185 -37.711
C -153 -161
M 0 0 0 8.00506 -37.1605
M 13.199 0 3 6.63395 -37.1605
M 0 3.599 3 8.82031 -37.1605
M 13.199 3.599 3 7.54185 -37.1605
C -162 -169
M 0 0 0 8.07917 -37.8826
M 13.199 0 3 6.63395 -37.8826
M 0 3.599 3 8.93148 -37.8826
M 13.199 3.599 3 7.46773 -37.8826
C -170 -177
C -160 -167
M 0 0 0 8.11623 -36.6562
M 13.199 0 3 6.52278 -36.6562
M 0 3.599 3 9.0056 -36.6562
M 13.199 3.599 3 7.39362 -36.6562
C -156 -162
M 0 0 0 8.15329 -36.2341
M 13.199 0 3 6.50425 -36.2341
M 0 3.599 3 9.0056 -36.2341
M 13.199 3.599 3 7.39362 -36.2341
C -167 -174
M 0 0 0 8.17181 -35.3155
M 13.199 0 3 6.43013 -35.3155
M 0 3.599 3 9.02413 -35.3155
M 13.199 3.599 3 7.39362 -35.3155
C -177 -185
C -168 -176
M 0 0 0 8.29225 -34.5293
M 13.199 0 3 6.43013 -34.5293
M 0 3.599 3 9.07971 -34.5293
M 13.199 3.599 3 7.24539 -34.5293
C -163 -171
M 0 0 0 8.36636 -34.5218
M 13.199 0 3 6.33749 -34.5218
M 0 3.599 3 9.09824 -34.5218
M 13.199 3.599 3 7.24539 -34.5218
C -174 -181
M 0 0 0 8.37563 -34.7695
M 13.199 0 3 6.26338 -34.7695
M 0 3.599 3 9.20941 -34.7695
M 13.199 3.599 3 7.24539 -34.7695
C -184 -191
M 0 0 0 8.44048 -33.9455
M 13.199 0 3 6.30043 -33.9455
M 0 3.599 3 9.22794 -33.9455
M 13.199 3.599 3 7.17127 -33.9455
C -179 -187
M 0 0 0 8.51459 -33.5097
M 13.199 0 3 6.17073 -33.5097
M 0 3.599 3 9.32058 -33.5097
M 13.199 3.599 3 7.13422 -33.5097
C -170 -176
M 0 0 0 8.51459 -32.9522
M 13.199 0 3 6.15221 -32.9522
M 0 3.599 3 9.37617 -32.9522
M 13.199 3.599 3 7.13422 -32.9522
C -172 -177
M 0 0 0 8.63503 -34.0936
M 13.199 0 3 6.09662 -34.0936
M 0 3.599 3 9.37617 -34.0936
M 13.199 3.599 3 7.02305 -34.0936
C -170 -178
M 0 0 0 8.69988 -33.9258
M 13.199 0 3 6.05956 -33.9258
M 0 3.599 3 9.3947 -33.9258
M 13.199 3.599 3 6.98599 -33.9258
C -170 -178
M 0 0 0 8.79252 -35.0636
M 13.199 0 3 6.00398 -35.0636
M 0 3.599 3 9.48734 -35.0636
M 13.199 3.599 3 6.98599 -35.0636
C -163 -171
M 0 0 0 8.83884 -35.496
M 13.199 0 3 5.94839 -35.496
M 0 3.599 3 9.5244 -35.496
M 13.199 3.599 3 6.87482 -35.496
C -159 -165
C -151 -159
C -153 -160
M 0 0 0 8.94075 -38.3187
M 13.199 0 3 5.91133 -38.3187
M 0 3.599 3 9.56145 -38.3187
M 13.199 3.599 3 6.91188 -38.3187
C -159 -167
M 0 0 0 8.91296 -40.1315
M 13.199 0 3 5.92986 -40.1315
M 0 3.599 3 9.56145 -40.1315
M 13.199 3.599 3 6.8007 -40.1315
C -161 -168
M 0 0 0 9.0056 -40.7604
M 13.199 0 3 5.85575 -40.7604
M 0 3.599 3 9.57998 -40.7604
M 13.199 3.599 3 6.76365 -40.7604
C -158 -164
M 0 0 0 9.06118 -42.2537
M 13.199 0 3 5.80016 -42.2537
M 0 3.599 3 9.67263 -42.2537
M 13.199 3.599 3 6.76365 -42.2537
C -153 -159
M 0 0 0 9.09824 -42.9209
M 13.199 0 3 5.74458 -42.9209
M 0 3.599 3 9.61704 -42.9209
M 13.199 3.599 3 6.76365 -42.9209
C -159 -166
M 0 0 0 9.11677 -43.6649
M 13.199 0 3 5.68899 -43.6649
M 0 3.599 3 9.72821 -43.6649
M 13.199 3.599 3 6.61542 -43.6649
C -164 -171
M 0 0 0 9.16309 -44.1243
M 13.199 0 3 5.67046 -44.1243
M 0 3.599 3 9.74674 -44.1243
M 13.199 3.599 3 6.68953 -44.1243
M 0 0 0 9.19088 -45.5259
M 13.199 0 3 5.63341 -45.5259
M 0 3.599 3 9.7838 -45.5259
M 13.199 3.599 3 6.61542 -45.5259
C -157 -161
M 0 0 0 9.24647 -46.2889
M 13.199 0 3 5.63341 -46.2889
M 0 3.599 3 9.83938 -46.2889
M 13.199 3.599 3 6.54131 -46.2889
C -154 -162
M 0 0 0 9.24647 -45.94
M 13.199 0 3 5.57782 -45.94
C -152 -158
M 13.199 3.599 3 6.54131 -46.1802
C -150 -155
M 0 0 0 9.30206 -46.3133
M 13.199 0 3 5.55929 -46.3133
M 0 3.599 3 9.9135 -46.3133
M 13.199 3.599 3 6.43013 -46.3133
C -149 -155
M 0 0 0 9.37617 -46.6079
M 13.199 0 3 5.50371 -46.6079
M 0 3.599 3 9.9135 -46.6079
M 13.199 3.599 3 6.46719 -46.6079
C -149 -154
M 0 0 0 9.35764 -46.6493
M 13.199 0 3 5.46665 -46.6493
M 0 3.599 3 9.98761 -46.6493
M 13.199 3.599 3 6.35602 -46.6493
C -148 -154
M 0 0 0 9.45028 -47.175
M 13.199 0 3 5.42959 -47.175
M 0 3.599 3 9.96908 -47.175
M 13.199 3.599 3 6.31896 -47.175
C -149 -155
C -145 -151
M 0 0 0 9.47808 -45.8548
M 13.199 0 3 5.39254 -45.8548
M 0 3.599 3 10.0247 -45.8548
M 13.199 3.599 3 6.28191 -45.8548
C -146 -152
M 0 0 0 9.51513 -45.7879
M 13.199 0 3 5.37401 -45.7879
M 0 3.599 3 10.0803 -45.7879
M 13.199 3.599 3 6.24485 -45.7879
C -149 -153
M 0 0 0 9.53366 -45.2732
M 13.199 0 3 5.33695 -45.2732
M 0 3.599 3 10.0988 -45.2732
M 13.199 3.599 3 6.28191 -45.2732
C -151 -155
M 0 0 0 9.61704 -45.2853
M 13.199 0 3 5.28137 -45.2853
M 0 3.599 3 10.1544 -45.2853
M 13.199 3.599 3 6.17073 -45.2853
C -152 -156
M 0 0 0 9.67263 -44.8525
C -150 -155
M 0 3.599 3 10.1914 -44.8489
M 13.199 3.599 3 6.24485 -44.8489
C -150 -154
M 0 0 0 9.70968 -44.1079
M 0 3.599 3 10.2285 -44.1079
C -152 -155
M 0 0 0 9.72821 -43.9602
M 13.199 0 3 5.15167 -43.9602
M 0 3.599 3 10.2285 -43.9602
M 13.199 3.599 3 6.13368 -43.9602
C -155 -159
M 13.199 0 3 5.11461 -44.0111
M 0 3.599 3 10.3026 -44.0111
M 13.199 3.599 3 6.13368 -44.0111
C -153 -157
M 0 0 0 9.81159 -42.9505
M 13.199 0 3 5.05902 -42.9505
M 0 3.599 3 10.3397 -42.9505
M 13.199 3.599 3 6.05956 -42.9505
C -153 -158
M 0 0 0 9.83012 -42.6089
M 13.199 0 3 5.04049 -42.6089
M 0 3.599 3 10.3767 -42.6089
M 13.199 3.599 3 6.02251 -42.6089
C -153 -158
M 0 0 0 9.87644 -43.0752
M 0 3.599 3 10.3952 -43.0752
M 13.199 3.599 3 5.91133 -43.0752
C -151 -154
M 0 0 0 9.93202 -42.9551
M 0 3.599 3 10.4323 -42.9551
M 13.199 3.599 3 5.87428 -42.9551
C -150 -155
M 0 0 0 9.99687 -43.3234
M 13.199 0 3 4.94785 -43.3234
M 0 3.599 3 10.4508 -43.3234
M 13.199 3.599 3 5.87428 -43.3234
C -155 -162
C -157 -161
C -151 -157
M 0 0 0 10.0339 -44.0833
M 13.199 0 3 4.70698 -44.0833
M 0 3.599 3 10.4508 -44.0833
M 13.199 3.599 3 5.87428 -44.0833
C -155 -161
M 0 0 0 10.0617 -44.5337
M 13.199 0 3 4.63287 -44.5337
M 0 3.599 3 10.5435 -44.5337
M 13.199 3.599 3 5.80016 -44.5337
C -164 -170
M 0 0 0 10.1358 -44.8536
M 13.199 0 3 4.63287 -44.8536
M 0 3.599 3 10.5805 -44.8536
M 13.199 3.599 3 5.80016 -44.8536
C -167 -173
M 0 0 0 10.1729 -45.2137
M 13.199 0 3 4.59581 -45.2137
M 0 3.599 3 10.562 -45.2137
M 13.199 3.599 3 5.68899 -45.2137
C -164 -171
M 0 0 0 10.2192 -45.7517
M 13.199 0 3 4.59581 -45.7517
M 0 3.599 3 10.6546 -45.7517
M 13.199 3.599 3 5.68899 -45.7517
C -163 -168
M 0 0 0 10.2841 -46.3929
M 13.199 0 3 4.55875 -46.3929
M 0 3.599 3 10.6917 -46.3929
M 13.199 3.599 3 5.68899 -46.3929
C -163 -167
M 0 0 0 10.2933 -45.9408
M 13.199 0 3 4.55875 -45.9408
M 0 3.599 3 10.7473 -45.9408
M 13.199 3.599 3 5.68899 -45.9408
C -162 -168
M 0 0 0 10.3582 -46.5303
M 13.199 0 3 4.54022 -46.5303
M 0 3.599 3 10.7658 -46.5303
M 13.199 3.599 3 5.65194 -46.5303
C -158 -165
M 0 0 0 10.4138 -46.1987
M 13.199 0 3 4.5217 -46.1987
M 0 3.599 3 10.7843 -46.1987
M 13.199 3.599 3 5.57782 -46.1987
C -154 -162
M 0 0 0 10.4601 -46.1399
M 13.199 0 3 4.44758 -46.1399
M 0 3.599 3 10.8029 -46.1399
M 13.199 3.599 3 5.57782 -46.1399
C -148 -156
M 0 0 0 10.4601 -46.4796
C -143 -152
M 0 3.599 3 10.8399 -46.749
M 13.199 3.599 3 5.50371 -46.749
C -145 -155
M 0 0 0 10.4971 -47.6359
M 13.199 0 3 4.50317 -47.6359
M 0 3.599 3 10.8955 -47.6359
M 13.199 3.599 3 5.46665 -47.6359
C -152 -160
M 0 0 0 10.6083 -47.4822
M 13.199 0 3 4.44758 -47.4822
M 0 3.599 3 10.9511 -47.4822
M 13.199 3.599 3 5.35548 -47.4822
C -149 -157
C -140 -149
M 0 0 0 10.6176 -48.0276
M 13.199 0 3 4.44758 -48.0276
M 0 3.599 3 10.9696 -48.0276
M 13.199 3.599 3 5.35548 -48.0276
C -145 -153
M 0 0 0 10.6639 -48.2437
M 13.199 0 3 4.37347 -48.2437
M 0 3.599 3 11.0067 -48.2437
M 13.199 3.599 3 5.31842 -48.2437
C -156 -162
M 13.199 0 3 4.29935 -48.943
M 0 3.599 3 11.0067 -48.943
M 13.199 3.599 3 5.28137 -48.943
C -155 -160
M 13.199 0 3 4.29935 -49.0958
M 0 3.599 3 10.9882 -49.0958
M 13.199 3.599 3 5.20725 -49.0958
C -151 -154
M 13.199 0 3 4.24377 -48.6455
M 0 3.599 3 11.0808 -48.6455
M 13.199 3.599 3 5.20725 -48.6455
C -142 -146
M 0 0 0 10.877 -50.1995
M 13.199 0 3 4.2623 -50.1995
M 0 3.599 3 11.1734 -50.1995
M 13.199 3.599 3 5.24431 -50.1995
C -150 -156
C -150 -154
M 13.199 0 3 4.18818 -52.0766
M 0 3.599 3 11.192 -52.0766
M 13.199 3.599 3 5.09608 -52.0766
C -144 -150
M 0 0 0 10.8955 -53.0567
M 13.199 0 3 4.16965 -53.0567
M 0 3.599 3 11.1549 -53.0567
M 13.199 3.599 3 5.09608 -53.0567
C -140 -146
M 13.199 0 3 4.16965 -54.6264
M 0 3.599 3 11.1734 -54.6264
M 13.199 3.599 3 5.05902 -54.6264
C -147 -150
M 0 0 0 10.9974 -56.1665
M 13.199 0 3 4.15113 -56.1665
M 0 3.599 3 11.229 -56.1665
M 13.199 3.599 3 4.94785 -56.1665
C -145 -151
M 0 0 0 10.9974 -56.78
M 13.199 0 3 4.02143 -56.78
M 0 3.599 3 11.229 -56.78
M 13.199 3.599 3 4.94785 -56.78
C -141 -147
M 0 0 0 11.0345 -57.7573
M 13.199 0 3 4.03995 -57.7573
M 0 3.599 3 11.2846 -57.7573
C -142 -147
M 0 0 0 11.0901 -59.195
M 13.199 0 3 4.05848 -59.195
M 0 3.599 3 11.2846 -59.195
M 13.199 3.599 3 4.87374 -59.195
C -145 -149
C -142 -145
M 0 0 0 11.1086 -60.8803
M 13.199 0 3 4.03995 -60.8803
M 0 3.599 3 11.3402 -60.8803
M 13.199 3.599 3 4.87374 -60.8803
C -141 -147
M 0 0 0 11.0715 -61.1036
M 13.199 0 3 3.94731 -61.1036
C -141 -146
M 13.199 3.599 3 4.83668 -61.8464
C -146 -152
M 0 0 0 11.1456 -62.1631
M 13.199 0 3 4.03995 -62.1631
M 0 3.599 3 11.3772 -62.1631
M 13.199 3.599 3 4.76257 -62.1631
C -152 -156
M 0 0 0 11.2568 -62.3949
M 13.199 0 3 4.0029 -62.3949
M 0 3.599 3 11.3587 -62.3949
M 13.199 3.599 3 4.68845 -62.3949
C -150 -155
M 0 0 0 11.2105 -63.2374
M 13.199 0 3 3.91025 -63.2374
C -147 -152
M 0 0 0 11.2939 -63.8474
M 13.199 0 3 3.89173 -63.8474
M 0 3.599 3 11.4514 -63.8474
M 13.199 3.599 3 4.6514 -63.8474
C -149 -157
M 0 0 0 11.3865 -64.7471
M 13.199 0 3 3.91025 -64.7471
M 0 3.599 3 11.4699 -64.7471
M 13.199 3.599 3 4.6514 -64.7471
C -157 -161
M 0 0 0 11.3772 -65.4155
M 13.199 0 3 3.85467 -65.4155
M 0 3.599 3 11.5996 -65.4155
M 13.199 3.599 3 4.57728 -65.4155
C -158 -164
M 0 0 0 11.3587 -65.4981
M 13.199 0 3 3.83614 -65.4981
M 0 3.599 3 11.5811 -65.4981
M 13.199 3.599 3 4.54022 -65.4981
C -153 -157
M 0 0 0 11.4699 -65.6628
M 13.199 0 3 3.91025 -65.6628
M 0 3.599 3 11.6181 -65.6628
M 13.199 3.599 3 4.46611 -65.6628
C -150 -154
M 0 0 0 11.5162 -66.2789
M 13.199 0 3 3.89173 -66.2789
M 0 3.599 3 11.6181 -66.2789
M 13.199 3.599 3 4.35494 -66.2789
C -153 -158
C -153 -160
C -147 -154
M 0 0 0 11.5533 -67.0213
M 13.199 0 3 3.78055 -67.0213
M 0 3.599 3 11.6366 -67.0213
M 13.199 3.599 3 4.20671 -67.0213
C -148 -156
M 0 0 0 11.6366 -67.2574
M 13.199 0 3 3.7435 -67.2574
M 0 3.599 3 11.7663 -67.2574
M 13.199 3.599 3 4.31788 -67.2574
C -154 -162
C -149 -156
M 0 0 0 11.6644 -68.0581
M 13.199 0 3 3.79908 -68.0581
M 0 3.599 3 11.8034 -68.0581
M 13.199 3.599 3 4.68845 -68.0581
C -146 -154
M 0 0 0 11.72 -68.3792
M 13.199 0 3 3.79908 -68.3792
M 0 3.599 3 11.8775 -68.3792
M 13.199 3.599 3 4.54022 -68.3792
C -150 -157
M 0 0 0 11.7386 -69.0416
M 13.199 0 3 3.7435 -69.0416
M 0 3.599 3 11.8219 -69.0416
M 13.199 3.599 3 4.42905 -69.0416
C -154 -159
M 0 0 0 11.7756 -68.8763
M 13.199 0 3 3.78055 -68.8763
M 0 3.599 3 11.8034 -68.8763
M 13.199 3.599 3 4.42905 -68.8763
C -151 -157
M 0 0 0 11.8312 -67.9007
M 13.199 0 3 3.79908 -67.9007
M 0 3.599 3 11.8775 -67.9007
M 13.199 3.599 3 4.31788 -67.9007
C -150 -156
M 0 0 0 11.859 -68.4577
M 13.199 0 3 3.79908 -68.4577
M 0 3.599 3 11.896 -68.4577
M 13.199 3.599 3 4.28083 -68.4577
C -153 -159
M 0 0 0 11.8775 -68.7581
C -154 -158
M 0 3.599 3 11.9887 -68.7475
M 13.199 3.599 3 4.20671 -68.7475
C -152 -156
M 0 0 0 11.9609 -68.6899
M 13.199 0 3 3.76203 -68.6899
M 0 3.599 3 12.0257 -68.6899
M 13.199 3.599 3 4.1326 -68.6899
C -155 -158
M 0 0 0 11.9424 -69.1026
M 13.199 0 3 3.72497 -69.1026
M 0 3.599 3 12.0443 -69.1026
M 13.199 3.599 3 4.09554 -69.1026
C -161 -165
M 0 0 0 11.9702 -69.2868
M 13.199 0 3 3.70644 -69.2868
M 0 3.599 3 12.0072 -69.2868
M 13.199 3.599 3 4.02143 -69.2868
C -162 -165
M 0 0 0 12.0628 -69.1672
M 13.199 0 3 3.72497 -69.1672
M 0 3.599 3 12.0443 -69.1672
M 13.199 3.599 3 4.02143 -69.1672
C -157 -160
M 0 0 0 12.0813 -68.9903
M 13.199 0 3 3.72497 -68.9903
M 0 3.599 3 12.0813 -68.9903
M 13.199 3.599 3 3.98437 -68.9903
C -155 -157
M 0 0 0 12.2018 -69.5308
M 13.199 0 3 3.7435 -69.5308
M 0 3.599 3 12.1925 -69.5308
M 13.199 3.599 3 3.8732 -69.5308
C -158 -162
C -151 -157
M 0 0 0 12.1554 -69.3976
M 13.199 0 3 3.76203 -69.3976
M 0 3.599 3 12.3037 -69.3976
M 13.199 3.599 3 3.8732 -69.3976
C -151 -157
M 0 0 0 12.2203 -69.0755
M 13.199 0 3 3.78055 -69.0755
M 0 3.599 3 12.2666 -69.0755
M 13.199 3.599 3 3.83614 -69.0755
C -155 -161
M 0 0 0 12.2296 -69.6647
C -152 -158
M 0 3.599 3 12.2296 -68.5079
M 13.199 3.599 3 3.83614 -68.5079
C -147 -155
M 0 0 0 12.2574 -68.2522
M 13.199 0 3 3.68791 -68.2522
M 0 3.599 3 12.174 -68.2522
M 13.199 3.599 3 3.79908 -68.2522
C -145 -155
M 0 0 0 12.3129 -69.0625
M 13.199 0 3 3.76203 -69.0625
M 0 3.599 3 12.2666 -69.0625
M 13.199 3.599 3 3.79908 -69.0625
C -149 -166
M 0 0 0 12.3315 -70.2368
M 13.199 0 3 3.66938 -70.2368
M 0 3.599 3 12.3963 -70.2368
M 13.199 3.599 3 3.91025 -70.2368
C -140 -172
M 0 0 0 12.4148 -69.8274
M 13.199 0 3 3.7435 -69.8274
M 0 3.599 3 12.4334 -69.8274
M 13.199 3.599 3 3.79908 -69.8274
C -128 -172
M 0 0 0 12.4334 -71.0175
M 13.199 0 3 3.79908 -71.0175
M 0 3.599 3 12.4519 -71.0175
M 13.199 3.599 3 3.72497 -71.0175
C -121 -174
M 0 0 0 12.4519 -73.1292
M 13.199 0 3 3.76203 -73.1292
M 0 3.599 3 12.4519 -73.1292
M 13.199 3.599 3 3.68791 -73.1292
C -126 -187
M 0 0 0 12.4612 -75.3737
M 13.199 0 3 3.79908 -75.3737
M 0 3.599 3 12.489 -75.3737
M 13.199 3.599 3 3.68791 -75.3737
C -125 -197
M 0 0 0 12.489 -78.3155
M 13.199 0 3 3.83614 -78.3155
M 0 3.599 3 12.489 -78.3155
M 13.199 3.599 3 3.65086 -78.3155
C -117 -192
C -111 -185
M 0 0 0 12.5538 -86.5037
C -118 -194
M 13.199 0 3 3.83614 -90.6083
M 0 3.599 3 12.1925 -90.6083
M 13.199 3.599 3 3.79908 -90.6083
C -129 -205
C -129 -205
M 0 0 0 12.6465 -99.4748
M 13.199 0 3 3.89173 -99.4748
M 0 3.599 3 12.6557 -99.4748
M 13.199 3.599 3 3.6138 -99.4748
C -131 -211
M 0 0 0 12.5353 -104.145
M 13.199 0 3 3.8732 -104.145
M 0 3.599 3 12.8225 -104.145
M 13.199 3.599 3 3.53968 -104.145
C -144 -222
M 13.199 0 3 3.89173 -108.589
M 0 3.599 3 12.2481 -108.589
M 13.199 3.599 3 3.46557 -108.589
C -150 -230
M 0 0 0 12.6187 -112.872
M 13.199 0 3 3.92878 -112.872
M 0 3.599 3 12.3593 -112.872
M 13.199 3.599 3 3.42851 -112.872
C -146 -227
M 0 0 0 12.5816 -117.198
M 13.199 0 3 3.96584 -117.198
M 0 3.599 3 12.3963 -117.198
M 13.199 3.599 3 3.46557 -117.198
C -149 -229
M 0 0 0 12.5723 -121.881
M 13.199 0 3 4.05848 -121.881
M 0 3.599 3 12.4148 -121.881
M 13.199 3.599 3 3.39146 -121.881
C -164 -245
M 0 0 0 12.4982 -125.662
M 13.199 0 3 4.1326 -125.662
M 0 3.599 3 12.3407 -125.662
M 13.199 3.599 3 3.3544 -125.662
C -162 -243
M 0 0 0 12.4704 -129.867
M 13.199 0 3 4.15113 -129.867
M 0 3.599 3 12.3407 -129.867
M 13.199 3.599 3 3.42851 -129.867
C -151 -233
M 0 0 0 12.4612 -134.485
M 13.199 0 3 4.15113 -134.485
C -149 -231
M 13.199 3.599 3 3.31734 -138.136
C -160 -239
M 0 0 0 12.3963 -142.362
M 13.199 0 3 4.15113 -142.362
M 0 3.599 3 12.2851 -142.362
M 13.199 3.599 3 3.42851 -142.362
C -166 -244
M 0 0 0 12.35 -147.554
M 13.199 0 3 4.33641 -147.554
M 0 3.599 3 12.2296 -147.554
M 13.199 3.599 3 3.3544 -147.554
C -164 -242
M 0 0 0 12.4334 -151.465
M 13.199 0 3 4.37347 -151.465
M 0 3.599 3 12.1369 -151.465
M 13.199 3.599 3 3.39146 -151.465
C -174 -235
M 0 0 0 12.3222 -156.164
M 13.199 0 3 4.33641 -156.164
M 0 3.599 3 12.1369 -156.164
M 13.199 3.599 3 3.39146 -156.164
C -187 -223
C -189 -212
M 0 0 0 12.2851 -163.231
M 13.199 0 3 4.35494 -163.231
M 0 3.599 3 12.0813 -163.231
M 13.199 3.599 3 3.46557 -163.231
C -202 -216
M 0 0 0 12.2481 -165.13
M 13.199 0 3 4.44758 -165.13
M 0 3.599 3 12.0072 -165.13
M 13.199 3.599 3 3.46557 -165.13
C -207 -216
M 0 0 0 12.2481 -165.993
M 13.199 0 3 4.44758 -165.993
M 0 3.599 3 11.9331 -165.993
M 13.199 3.599 3 3.53968 -165.993
C -203 -215
M 0 0 0 12.1184 -167.041
M 13.199 0 3 4.50317 -167.041
M 0 3.599 3 11.896 -167.041
M 13.199 3.599 3 3.53968 -167.041
C -200 -211
M 0 0 0 12.0721 -168.28
M 13.199 0 3 4.5217 -168.28
C -195 -205
M 13.199 3.599 3 3.50263 -168.908
C -190 -197
M 0 0 0 12.1091 -169.447
M 13.199 0 3 4.55875 -169.447
M 0 3.599 3 11.7478 -169.447
M 13.199 3.599 3 3.53968 -169.447
C -183 -200
M 0 0 0 12.0535 -169.712
M 13.199 0 3 4.6514 -169.712
M 0 3.599 3 11.6922 -169.712
M 13.199 3.599 3 3.57674 -169.712
C -165 -208
M 0 0 0 11.9424 -170.674
M 13.199 0 3 4.66992 -170.674
M 0 3.599 3 11.5625 -170.674
M 13.199 3.599 3 3.6138 -170.674
C -159 -217
M 0 0 0 11.9516 -171.99
M 13.199 0 3 4.74404 -171.99
M 0 3.599 3 11.4328 -171.99
M 13.199 3.599 3 3.65086 -171.99
C -152 -211
M 0 0 0 11.9146 -0.732489
M 13.199 0 3 4.6514 -0.732489
M 0 3.599 3 11.3772 -0.732489
M 13.199 3.599 3 3.68791 -0.732489
C -146 -201
M 0 0 0 11.8683 1.70435
M 13.199 0 3 4.72551 1.70435
M 0 3.599 3 11.4328 1.70435
M 13.199 3.599 3 3.72497 1.70435
C -151 -198
M 0 0 0 11.8219 156.645
M 13.199 0 3 4.76257 156.645
M 0 3.599 3 11.3772 156.645
M 13.199 3.599 3 3.76203 156.645
C -157 -202
C -151 -192
M 0 0 0 11.7663 169.355
M 13.199 0 3 4.83668 169.355
M 0 3.599 3 11.3031 169.355
M 13.199 3.599 3 3.91025 169.355
C -149 -191
C -148 -189
C -154 -186
M 0 0 0 11.7108 160.388
M 13.199 0 3 4.83668 160.388
M 0 3.599 3 11.2105 160.388
M 13.199 3.599 3 3.94731 160.388
C -158 -180
M 0 0 0 11.6274 155.646
M 13.199 0 3 4.87374 155.646
M 0 3.599 3 11.1549 155.646
M 13.199 3.599 3 4.02143 155.646
C -154 -167
M 0 0 0 11.5903 153.703
M 13.199 0 3 4.85521 153.703
M 0 3.599 3 11.0993 153.703
M 13.199 3.599 3 3.94731 153.703
C -155 -164
M 0 0 0 11.5625 152.069
M 13.199 0 3 4.91079 152.069
M 0 3.599 3 10.9882 152.069
M 13.199 3.599 3 4.05848 152.069
C -151 -160
M 0 0 0 11.4792 150.652
M 13.199 0 3 4.91079 150.652
M 0 3.599 3 10.9882 150.652
M 13.199 3.599 3 4.05848 150.652
C -146 -153
M 0 0 0 11.4514 150.477
M 13.199 0 3 4.92932 150.477
M 0 3.599 3 10.9326 150.477
M 13.199 3.599 3 4.05848 150.477
C -147 -156
M 0 0 0 11.3865 149.721
M 13.199 0 3 4.96638 149.721
M 0 3.599 3 10.8955 149.721
M 13.199 3.599 3 4.05848 149.721
C -149 -156
M 0 0 0 11.3587 148.93
M 13.199 0 3 4.96638 148.93
M 0 3.599 3 10.8585 148.93
M 13.199 3.599 3 4.1326 148.93
C -145 -151
M 0 0 0 11.3402 148.254
M 13.199 0 3 4.98491 148.254
M 0 3.599 3 10.8029 148.254
C -139 -146
C -140 -146
M 13.199 0 3 5.04049 148.622
M 0 3.599 3 10.7658 148.622
M 13.199 3.599 3 4.20671 148.622
C -144 -150
M 0 0 0 11.2105 147.561
M 13.199 0 3 5.04049 147.561
M 0 3.599 3 10.7102 147.561
M 13.199 3.599 3 4.31788 147.561
C -146 -153
M 0 0 0 11.1827 147.648
M 13.199 0 3 5.04049 147.648
M 0 3.599 3 10.6546 147.648
M 13.199 3.599 3 4.31788 147.648
C -146 -151
C -138 -143
M 0 0 0 11.1549 147.454
M 13.199 0 3 5.07755 147.454
M 0 3.599 3 10.6361 147.454
M 13.199 3.599 3 4.35494 147.454
C -135 -141
M 0 0 0 11.1086 146.826
M 13.199 0 3 5.07755 146.826
M 0 3.599 3 10.5991 146.826
M 13.199 3.599 3 4.42905 146.826
C -135 -141
M 0 0 0 11.053 146.551
M 13.199 0 3 5.13314 146.551
M 0 3.599 3 10.5435 146.551
M 13.199 3.599 3 4.46611 146.551
C -136 -141
M 0 0 0 11.053 146.332
M 13.199 0 3 5.13314 146.332
M 0 3.599 3 10.4694 146.332
M 13.199 3.599 3 4.42905 146.332
C -136 -140
M 0 0 0 10.9789 146.303
M 13.199 0 3 5.13314 146.303
M 0 3.599 3 10.4879 146.303
M 13.199 3.599 3 4.50317 146.303
C -130 -133
M 0 0 0 10.9696 146.346
M 13.199 0 3 5.18872 146.346
M 0 3.599 3 10.4138 146.346
M 13.199 3.599 3 4.61434 146.346
C -126 -129
C -123 -126
M 0 0 0 10.914 147.176
M 13.199 0 3 5.17019 147.176
M 0 3.599 3 10.3952 147.176
M 13.199 3.599 3 4.57728 147.176
C -129 -133
M 0 0 0 10.8862 146.316
M 13.199 0 3 5.22578 146.316
M 0 3.599 3 10.3767 146.316
M 13.199 3.599 3 4.6514 146.316
C -132 -137
M 0 0 0 10.7936 147.13
M 13.199 0 3 5.24431 147.13
M 0 3.599 3 10.3211 147.13
M 13.199 3.599 3 4.72551 147.13
C -133 -139
M 0 0 0 10.7936 146.316
M 13.199 0 3 5.26284 146.316
M 0 3.599 3 10.2841 146.316
M 13.199 3.599 3 4.72551 146.316
C -132 -135
M 0 0 0 10.7751 146.675
M 13.199 0 3 5.33695 146.675
M 0 3.599 3 10.2655 146.675
M 13.199 3.599 3 4.79962 146.675
C -139 -133
M 0 0 0 10.7102 145.869
M 13.199 0 3 5.35548 145.869
M 0 3.599 3 10.1914 145.869
M 13.199 3.599 3 4.83668 145.869
C -151 -126
M 0 0 0 10.6454 146.275
M 13.199 0 3 5.35548 146.275
M 0 3.599 3 10.1729 146.275
M 13.199 3.599 3 4.83668 146.275
C -159 -125
C -159 -122
M 0 0 0 10.6361 150.185
M 13.199 0 3 5.37401 150.185
M 0 3.599 3 10.0988 150.185
M 13.199 3.599 3 4.94785 150.185
C -164 -124
M 0 0 0 10.6083 153.287
M 13.199 0 3 5.41107 153.287
M 0 3.599 3 10.0988 153.287
M 13.199 3.599 3 4.98491 153.287
C -161 -131
M 0 0 0 10.5157 156.868
M 13.199 0 3 5.44812 156.868
C -147 -134
C -136 -132
M 0 0 0 10.4694 161.055
M 13.199 0 3 5.44812 161.055
M 0 3.599 3 10.0061 161.055
M 13.199 3.599 3 5.09608 161.055
C -127 -137
M 0 0 0 10.4323 162.305
M 13.199 0 3 5.50371 162.305
M 0 3.599 3 10.0061 162.305
M 13.199 3.599 3 5.20725 162.305
C -119 -151
M 0 0 0 10.3582 162.603
M 13.199 0 3 5.55929 162.603
M 0 3.599 3 9.93202 162.603
M 13.199 3.599 3 5.13314 162.603
C -117 -157
M 0 0 0 10.3304 160.275
M 13.199 0 3 5.54076 160.275
M 0 3.599 3 9.89497 160.275
M 13.199 3.599 3 5.20725 160.275
C -109 -153
M 0 0 0 10.3489 156.684
M 13.199 0 3 5.57782 156.684
M 0 3.599 3 9.85791 156.684
M 13.199 3.599 3 5.20725 156.684
C -105 -151
M 0 0 0 10.2933 154.529
M 13.199 0 3 5.55929 154.529
M 0 3.599 3 9.7838 154.529
M 13.199 3.599 3 5.28137 154.529
C -108 -157
M 0 0 0 10.2841 150.732
M 13.199 0 3 5.59635 150.732
M 0 3.599 3 9.76527 150.732
M 13.199 3.599 3 5.24431 150.732
C -112 -161
M 0 0 0 10.2841 147.167
M 13.199 0 3 5.63341 147.167
M 0 3.599 3 9.76527 147.167
M 13.199 3.599 3 5.24431 147.167
C -108 -158
M 0 0 0 10.1729 142.804
M 13.199 0 3 5.61488 142.804
M 0 3.599 3 9.70968 142.804
M 13.199 3.599 3 5.31842 142.804
C -113 -155
M 0 0 0 10.2285 138.335
M 13.199 0 3 5.63341 138.335
M 0 3.599 3 9.67263 138.335
C -126 -146
C -129 -140
C -133 -141
M 13.199 0 3 5.63341 131.786
M 0 3.599 3 9.63557 131.786
M 13.199 3.599 3 5.31842 131.786
C -143 -148
M 0 3.599 3 9.61704 133.065
M 13.199 3.599 3 5.31842 133.065
C -141 -146
M 0 0 0 10.247 132.107
M 13.199 0 3 5.67046 132.107
M 0 3.599 3 9.54293 132.107
M 13.199 3.599 3 5.39254 132.107
C -144 -146
M 0 0 0 10.2007 131.603
M 13.199 0 3 5.74458 131.603
M 0 3.599 3 9.5244 131.603
M 13.199 3.599 3 5.39254 131.603
C -146 -149
M 0 0 0 10.1914 132.185
M 13.199 0 3 5.72605 132.185
M 0 3.599 3 9.48734 132.185
M 13.199 3.599 3 5.50371 132.185
C -149 -152
M 0 0 0 10.1173 132.455
M 13.199 0 3 5.72605 132.455
M 0 3.599 3 9.45028 132.455
M 13.199 3.599 3 5.46665 132.455
C -146 -152
M 0 0 0 10.1358 131.065
M 13.199 0 3 5.74458 131.065
M 0 3.599 3 9.3947 131.065
M 13.199 3.599 3 5.46665 131.065
C -144 -149
M 0 0 0 10.1544 130.42
M 13.199 0 3 5.76311 130.42
M 0 3.599 3 9.35764 130.42
M 13.199 3.599 3 5.54076 130.42
C -138 -144
M 0 0 0 10.1544 129.33
M 13.199 0 3 5.80016 129.33
M 0 3.599 3 9.35764 129.33
C -135 -141
C -133 -140
M 13.199 0 3 5.81869 127.84
M 0 3.599 3 9.32058 127.84
M 13.199 3.599 3 5.50371 127.84
C -136 -143
M 13.199 0 3 5.85575 126.986
M 0 3.599 3 9.30206 126.986
M 13.199 3.599 3 5.61488 126.986
C -139 -145
M 0 0 0 9.33911 126.329
M 13.199 0 3 5.83722 126.329
M 0 3.599 3 9.24647 126.329
M 13.199 3.599 3 5.61488 126.329
C -137 -144
M 0 0 0 9.38543 125.061
M 13.199 0 3 5.87428 125.061
M 0 3.599 3 9.22794 125.061
M 13.199 3.599 3 5.65194 125.061
C -132 -138
M 0 0 0 9.40396 123.433
M 13.199 0 3 5.89281 123.433
M 0 3.599 3 9.22794 123.433
M 13.199 3.599 3 5.68899 123.433
C -132 -139
C -134 -138
M 0 0 0 9.45955 121.619
M 13.199 0 3 5.91133 121.619
M 0 3.599 3 9.17236 121.619
M 13.199 3.599 3 5.68899 121.619
C -136 -141
M 0 0 0 9.42249 122.472
M 13.199 0 3 5.92986 122.472
M 0 3.599 3 9.19088 122.472
M 13.199 3.599 3 5.76311 122.472
C -136 -141
M 0 0 0 9.36691 122.775
M 13.199 0 3 5.96692 122.775
M 0 3.599 3 9.1353 122.775
M 13.199 3.599 3 5.80016 122.775
C -136 -141
M 0 0 0 9.36691 122.371
M 13.199 0 3 5.98545 122.371
M 0 3.599 3 9.09824 122.371
C -134 -136
C -130 -133
M 13.199 0 3 5.98545 122.678
M 0 3.599 3 9.06118 122.678
M 13.199 3.599 3 5.91133 122.678
C -137 -138
M 0 0 0 9.36691 123.117
M 13.199 0 3 6.00398 123.117
M 0 3.599 3 9.07971 123.117
M 13.199 3.599 3 5.87428 123.117
C -140 -141
M 0 0 0 9.32985 122.639
M 13.199 0 3 6.02251 122.639
M 0 3.599 3 9.0056 122.639
M 13.199 3.599 3 5.94839 122.639
C -138 -139
M 0 0 0 9.31132 122.33
M 13.199 0 3 6.04103 122.33
M 0 3.599 3 9.02413 122.33
M 13.199 3.599 3 5.98545 122.33
C -134 -136
M 0 0 0 9.22794 122.285
M 13.199 0 3 6.04103 122.285
M 0 3.599 3 8.95001 122.285
M 13.199 3.599 3 5.98545 122.285
C -134 -135
M 0 0 0 9.11677 121.887
M 13.199 0 3 6.07809 121.887
M 0 3.599 3 8.93148 121.887
M 13.199 3.599 3 5.98545 121.887
C -134 -137
M 0 0 0 9.1353 121.904
M 13.199 0 3 6.11515 121.904
M 0 3.599 3 8.95001 121.904
M 13.199 3.599 3 6.09662 121.904
C -138 -134
M 0 0 0 9.06118 121.062
M 13.199 0 3 6.05956 121.062
M 0 3.599 3 8.89443 121.062
M 13.199 3.599 3 6.13368 121.062
C -142 -124
M 0 0 0 9.0056 120.767
M 13.199 0 3 6.13368 120.767
M 0 3.599 3 8.91296 120.767
M 13.199 3.599 3 6.09662 120.767
C -145 -117
C -140 -109
C -138 -106
M 0 0 0 8.97781 129.347
M 13.199 0 3 6.17073 129.347
M 0 3.599 3 8.80178 129.347
M 13.199 3.599 3 6.05956 129.347
C -143 -108
M 0 0 0 8.95928 131.833
M 13.199 0 3 6.18926 131.833
M 0 3.599 3 8.76473 131.833
M 13.199 3.599 3 6.24485 131.833
C -151 -113
M 0 0 0 8.98707 134.009
M 13.199 0 3 6.20779 134.009
M 0 3.599 3 8.80178 134.009
M 13.199 3.599 3 6.20779 134.009
C -148 -111
M 0 0 0 8.83884 138.008
M 13.199 0 3 6.22632 138.008
M 0 3.599 3 8.72767 138.008
M 13.199 3.599 3 6.28191 138.008
C -141 -109
M 0 0 0 8.79252 140.49
M 13.199 0 3 6.24485 140.49
M 0 3.599 3 8.70914 140.49
M 13.199 3.599 3 6.28191 140.49
C -127 -112
M 0 0 0 8.70914 142.31
M 13.199 0 3 6.31896 142.31
M 0 3.599 3 8.69061 142.31
M 13.199 3.599 3 6.35602 142.31
C -125 -120
M 0 0 0 8.78326 145.183
M 13.199 0 3 6.26338 145.183
M 0 3.599 3 8.67208 145.183
M 13.199 3.599 3 6.31896 145.183
C -125 -127
M 0 0 0 8.71841 145.768
M 13.199 0 3 6.41161 145.768
M 0 3.599 3 8.63503 145.768
M 13.199 3.599 3 6.39308 145.768
C -124 -129
M 0 0 0 8.69061 146.635
M 13.199 0 3 6.33749 146.635
M 0 3.599 3 8.57944 146.635
M 13.199 3.599 3 6.39308 146.635
C -122 -128
M 0 0 0 8.67208 144.973
M 13.199 0 3 6.43013 144.973
M 0 3.599 3 8.54239 144.973
M 13.199 3.599 3 6.39308 144.973
C -126 -132
M 0 0 0 8.59797 145.45
M 13.199 0 3 6.37455 145.45
C -127 -127
C -121 -119
M 0 0 0 8.62576 144.798
M 13.199 0 3 6.39308 144.798
M 0 3.599 3 8.50533 144.798
M 13.199 3.599 3 6.50425 144.798
C -116 -117
M 13.199 0 3 6.43013 145.369
M 0 3.599 3 8.43121 145.369
M 13.199 3.599 3 6.57836 145.369
C -119 -128
C -120 -127
M 0 0 0 8.53312 141.717
M 13.199 0 3 6.41161 141.717
M 0 3.599 3 8.43121 141.717
M 13.199 3.599 3 6.61542 141.717
C -116 -123
M 0 0 0 8.53312 141.564
M 13.199 0 3 6.48572 141.564
M 0 3.599 3 8.41269 141.564
M 13.199 3.599 3 6.54131 141.564
C -120 -126
M 0 0 0 8.51459 141.446
M 13.199 0 3 6.52278 141.446
M 0 3.599 3 8.39416 141.446
M 13.199 3.599 3 6.72659 141.446
C -126 -130
M 0 0 0 8.47754 140.473
M 13.199 0 3 6.50425 140.473
M 0 3.599 3 8.37563 140.473
M 13.199 3.599 3 6.65248 140.473
C -126 -131
M 0 0 0 8.45901 139.638
M 13.199 0 3 6.55983 139.638
M 0 3.599 3 8.3571 139.638
M 13.199 3.599 3 6.65248 139.638
C -124 -129
M 0 0 0 8.40342 138.272
M 13.199 0 3 6.59689 138.272
M 0 3.599 3 8.28299 138.272
M 13.199 3.599 3 6.8007 138.272
C -123 -129
M 0 0 0 8.39416 137.951
M 13.199 0 3 6.61542 137.951
C -125 -131
C -125 -131
M 0 0 0 8.38489 135.78
M 13.199 0 3 6.671 135.78
M 0 3.599 3 8.24593 135.78
M 13.199 3.599 3 6.87482 135.78
C -129 -132
M 0 0 0 8.31078 135.084
M 13.199 0 3 6.68953 135.084
M 0 3.599 3 8.2274 135.084
M 13.199 3.599 3 6.87482 135.084
C -134 -137
M 0 0 0 8.26446 133.569
M 13.199 0 3 6.63395 133.569
M 0 3.599 3 8.19034 133.569
M 13.199 3.599 3 6.94893 133.569
C -136 -139
M 0 0 0 8.19961 133.255
M 13.199 0 3 6.68953 133.255
M 0 3.599 3 8.19034 133.255
M 13.199 3.599 3 6.94893 133.255
C -138 -141
M 0 0 0 8.20887 132.87
M 13.199 0 3 6.74512 132.87
M 0 3.599 3 8.15329 132.87
M 13.199 3.599 3 6.98599 132.87
C -140 -144
M 0 0 0 8.19034 132.363
M 13.199 0 3 6.8007 132.363
M 0 3.599 3 8.11623 132.363
M 13.199 3.599 3 7.02305 132.363
C -142 -146
C -147 -138
M 0 0 0 8.0977 131.589
M 13.199 0 3 6.85629 131.589
M 0 3.599 3 8.0977 131.589
M 13.199 3.599 3 7.13422 131.589
C -162 -130
M 0 0 0 8.02359 131.637
M 13.199 0 3 6.83776 131.637
M 0 3.599 3 8.11623 131.637
M 13.199 3.599 3 7.09716 131.637
C -180 -129
M 13.199 0 3 6.74512 134.385
M 0 3.599 3 8.06064 134.385
M 13.199 3.599 3 7.13422 134.385
C -189 -127
C -184 -117
M 0 0 0 7.99579 143.899
M 13.199 0 3 7.11569 143.899
M 0 3.599 3 8.07917 143.899
M 13.199 3.599 3 7.17127 143.899
C -181 -111
M 0 0 0 7.91242 149.213
M 13.199 0 3 6.9304 149.213
M 0 3.599 3 8.04212 149.213
M 13.199 3.599 3 7.24539 149.213
C -185 -113
M 0 0 0 7.87536 155.356
M 13.199 0 3 7.02305 155.356
M 0 3.599 3 8.00506 155.356
M 13.199 3.599 3 7.28245 155.356
C -190 -120
M 0 0 0 7.84757 160.266
M 13.199 0 3 7.04157 160.266
M 0 3.599 3 7.91242 160.266
M 13.199 3.599 3 7.35656 160.266
C -179 -117
M 0 0 0 7.73639 165.396
M 13.199 0 3 7.0601 165.396
M 0 3.599 3 7.89389 165.396
M 13.199 3.599 3 7.28245 165.396
C -171 -116
M 0 0 0 7.68081 169.236
M 13.199 0 3 7.11569 169.236
M 0 3.599 3 7.80124 169.236
M 13.199 3.599 3 7.35656 169.236
C -180 -126
M 0 0 0 7.62522 172.38
M 13.199 0 3 7.17127 172.38
M 0 3.599 3 7.72713 172.38
M 13.199 3.599 3 7.39362 172.38
C -186 -132
M 0 0 0 7.5789 0.674244
M 13.199 0 3 7.17127 0.674244
M 0 3.599 3 7.7086 0.674244
M 13.199 3.599 3 7.43067 0.674244
C -180 -129
M 0 0 0 7.54185 -16.7138
M 13.199 0 3 7.30097 -16.7138
M 0 3.599 3 7.65302 -16.7138
M 13.199 3.599 3 7.43067 -16.7138
C -176 -127
M 0 0 0 7.55111 -171.038
M 13.199 0 3 7.3195 -171.038
M 0 3.599 3 7.59743 -171.038
C -174 -141
C -166 -155
C -160 -156
M 0 0 0 7.49552 -169.738
M 13.199 0 3 7.41215 -169.738
M 0 3.599 3 7.63449 -169.738
M 13.199 3.599 3 7.54185 -169.738
C -158 -167
M 0 0 0 7.45847 -169.496
M 13.199 0 3 7.43067 -169.496
M 0 3.599 3 7.61596 -169.496
M 13.199 3.599 3 7.61596 -169.496
C -152 -176
M 0 0 0 7.42141 -169.422
M 13.199 0 3 7.46773 -169.422
M 0 3.599 3 7.46773 -169.422
M 13.199 3.599 3 7.5789 -169.422
C -146 -173
M 0 0 0 7.39362 -170.498
M 13.199 0 3 7.52332 -170.498
M 0 3.599 3 7.48626 -170.498
M 13.199 3.599 3 7.5789 -170.498
C -148 -167
M 0 0 0 7.33803 -172.576
M 13.199 0 3 7.5789 -172.576
M 0 3.599 3 7.4492 -172.576
M 13.199 3.599 3 7.65302 -172.576
C -154 -164
M 0 0 0 7.31024 -173.556
M 13.199 0 3 7.59743 -173.556
M 0 3.599 3 7.3195 -173.556
M 13.199 3.599 3 7.61596 -173.556
C -156 -163
M 0 0 0 7.29171 -173.933
M 13.199 0 3 7.59743 -173.933
M 0 3.599 3 7.30097 -173.933
M 13.199 3.599 3 7.8383 -173.933
C -154 -159
M 0 0 0 7.23612 -174.01
M 13.199 0 3 7.69007 -174.01
M 0 3.599 3 7.3195 -174.01
M 13.199 3.599 3 7.76419 -174.01
C -154 -159
M 0 0 0 7.1898 -174.978
M 13.199 0 3 7.7086 -174.978
M 0 3.599 3 7.22686 -174.978
C -162 -166
C -158 -164
M 13.199 0 3 7.76419 -175.67
M 0 3.599 3 7.15275 -175.67
M 13.199 3.599 3 7.80124 -175.67
C -156 -161
M 0 0 0 7.0879 -176.267
M 13.199 0 3 7.78272 -176.267
M 0 3.599 3 7.13422 -176.267
M 13.199 3.599 3 7.87536 -176.267
C -160 -163
M 0 0 0 7.05084 -173.88
M 13.199 0 3 7.87536 -173.88
M 0 3.599 3 7.09716 -173.88
M 13.199 3.599 3 7.94947 -173.88
C -166 -170
M 0 0 0 7.04157 -176.524
M 13.199 0 3 7.85683 -176.524
M 0 3.599 3 7.0601 -176.524
M 13.199 3.599 3 7.98653 -176.524
C -164 -168
M 0 0 0 7.01378 -176.19
M 13.199 0 3 7.93094 -176.19
M 0 3.599 3 7.00452 -176.19
M 13.199 3.599 3 7.91242 -176.19
C -161 -167
C -155 -160
M 0 0 0 6.94893 -176.57
M 13.199 0 3 8.02359 -176.57
M 13.199 3.599 3 7.98653 -176.57
C -156 -160
M 0 0 0 6.90261 -176.622
M 13.199 0 3 8.06064 -176.622
M 0 3.599 3 6.9304 -176.622
M 13.199 3.599 3 7.98653 -176.622
C -158 -163
M 0 0 0 6.89335 -176.407
M 13.199 0 3 8.06064 -176.407
M 0 3.599 3 6.83776 -176.407
M 13.199 3.599 3 8.0977 -176.407
C -161 -166
M 0 0 0 6.80997 -172.64
M 13.199 0 3 8.11623 -172.64
C -153 -157
C -144 -149
M 0 0 0 6.8285 -175.245
M 13.199 0 3 8.15329 -175.245
M 0 3.599 3 6.78218 -175.245
M 13.199 3.599 3 8.06064 -175.245
C -147 -151
M 13.199 0 3 8.26446 -175.768
M 0 3.599 3 6.70806 -175.768
M 13.199 3.599 3 8.0977 -175.768
C -154 -157
M 0 0 0 6.71733 -174.922
M 13.199 0 3 8.28299 -174.922
M 0 3.599 3 6.68953 -174.922
M 13.199 3.599 3 8.20887 -174.922
C -156 -160
M 0 0 0 6.66174 -174.343
M 13.199 0 3 8.32004 -174.343
M 0 3.599 3 6.61542 -174.343
M 13.199 3.599 3 8.17181 -174.343
C -151 -154
M 0 0 0 6.63395 -174.107
M 13.199 0 3 8.37563 -174.107
M 0 3.599 3 6.57836 -174.107
M 13.199 3.599 3 8.20887 -174.107
C -146 -149
M 0 0 0 6.59689 -173.155
M 13.199 0 3 8.41269 -173.155
M 0 3.599 3 6.55983 -173.155
M 13.199 3.599 3 8.32004 -173.155
C -151 -155
M 0 0 0 6.60615 -173.493
M 13.199 0 3 8.4868 -173.493
M 0 3.599 3 6.46719 -173.493
M 13.199 3.599 3 8.32004 -173.493
C -156 -160
M 0 0 0 6.54131 -173.394
M 13.199 0 3 8.46827 -173.394
M 0 3.599 3 6.46719 -173.394
M 13.199 3.599 3 8.39416 -173.394
C -154 -159
M 0 0 0 6.54131 -172.736
M 13.199 0 3 8.54239 -172.736
M 0 3.599 3 6.37455 -172.736
M 13.199 3.599 3 8.54239 -172.736
C -149 -155
C -144 -151
C -141 -148
M 0 0 0 6.48572 -172.15
M 13.199 0 3 8.59797 -172.15
M 0 3.599 3 6.46719 -172.15
M 13.199 3.599 3 8.50533 -172.15
C -143 -149
M 0 0 0 6.44866 -172.421
M 13.199 0 3 8.67208 -172.421
M 0 3.599 3 6.37455 -172.421
M 13.199 3.599 3 8.57944 -172.421
C -145 -151
M 0 0 0 6.37455 -172.072
M 13.199 0 3 8.69061 -172.072
M 0 3.599 3 6.26338 -172.072
M 13.199 3.599 3 8.57944 -172.072
C -144 -148
M 0 0 0 6.38381 -172.235
M 13.199 0 3 8.7462 -172.235
M 0 3.599 3 6.20779 -172.235
M 13.199 3.599 3 8.65356 -172.235
C -139 -143
M 0 0 0 6.38381 -171.994
M 13.199 0 3 8.78326 -171.994
M 0 3.599 3 6.17073 -171.994
M 13.199 3.599 3 8.65356 -171.994
C -138 -140
M 0 0 0 6.32823 -171.776
M 13.199 0 3 8.78326 -171.776
M 0 3.599 3 6.18926 -171.776
M 13.199 3.599 3 8.76473 -171.776
C -139 -144
M 0 0 0 6.30043 -171.883
M 13.199 0 3 8.82031 -171.883
M 0 3.599 3 6.11515 -171.883
M 13.199 3.599 3 8.69061 -171.883
C -143 -145
M 0 0 0 6.27264 -171.928
M 13.199 0 3 8.8759 -171.928
M 0 3.599 3 6.09662 -171.928
M 13.199 3.599 3 8.80178 -171.928
C -142 -146
M 0 0 0 6.27264 -172.213
M 13.199 0 3 8.89443 -172.213
M 0 3.599 3 6.07809 -172.213
M 13.199 3.599 3 8.80178 -172.213
C -139 -142
M 0 0 0 6.23558 -172.219
M 13.199 0 3 8.98707 -172.219
C -138 -142
C -139 -142
M 0 0 0 6.22632 -172.622
M 13.199 0 3 9.0056 -172.622
M 0 3.599 3 5.94839 -172.622
M 13.199 3.599 3 8.8759 -172.622
C -143 -147
M 0 0 0 6.19853 -173.201
M 13.199 0 3 9.06118 -173.201
M 0 3.599 3 5.91133 -173.201
M 13.199 3.599 3 9.02413 -173.201
C -149 -152
M 0 0 0 6.13368 -173.572
M 13.199 0 3 9.11677 -173.572
M 0 3.599 3 5.87428 -173.572
M 13.199 3.599 3 9.09824 -173.572
C -148 -153
C -141 -144
M 0 0 0 6.12441 -174.785
M 13.199 0 3 9.11677 -174.785
M 0 3.599 3 5.80016 -174.785
M 13.199 3.599 3 9.09824 -174.785
C -141 -148
M 0 0 0 6.09662 -175.404
M 13.199 0 3 9.17236 -175.404
M 0 3.599 3 5.83722 -175.404
M 13.199 3.599 3 9.1353 -175.404
C -152 -158
M 0 0 0 6.04103 -176.778
M 13.199 0 3 9.24647 -176.778
M 0 3.599 3 5.78164 -176.778
M 13.199 3.599 3 9.32058 -176.778
C -154 -157
M 0 0 0 6.00398 -172.352
M 13.199 0 3 9.28353 -172.352
M 0 3.599 3 5.72605 -172.352
M 13.199 3.599 3 9.28353 -172.352
C -142 -147
M 0 0 0 5.95766 -164.976
M 13.199 0 3 9.32058 -164.976
M 0 3.599 3 5.72605 -164.976
M 13.199 3.599 3 9.35764 -164.976
C -138 -142
M 0 0 0 5.86501 -0.313466
M 13.199 0 3 9.35764 -0.313466
C -142 -145
M 13.199 3.599 3 9.35764 0.758982
C -144 -148
M 0 0 0 5.83722 1.64031
M 13.199 0 3 9.43176 1.64031
M 0 3.599 3 5.65194 1.64031
M 13.199 3.599 3 9.46881 1.64031
C -142 -146
M 0 0 0 5.65194 3.19138
M 13.199 0 3 9.46881 3.19138
M 0 3.599 3 5.59635 3.19138
M 13.199 3.599 3 9.46881 3.19138
C -142 -146
M 0 0 0 5.60561 176.259
M 13.199 0 3 9.54293 176.259
M 0 3.599 3 5.54076 176.259
M 13.199 3.599 3 9.50587 176.259
C -146 -149
M 0 0 0 5.57782 176.266
M 13.199 0 3 9.54293 176.266
M 0 3.599 3 5.55929 176.266
M 13.199 3.599 3 9.50587 176.266
C -146 -150
M 0 0 0 5.61488 173.922
M 13.199 0 3 9.59851 173.922
M 0 3.599 3 5.48518 173.922
M 13.199 3.599 3 9.57998 173.922
C -143 -147
M 0 0 0 5.6612 174.565
M 13.199 0 3 9.63557 174.565
M 0 3.599 3 5.44812 174.565
M 13.199 3.599 3 9.61704 174.565
C -146 -151
M 0 0 0 5.72605 168.859
M 13.199 0 3 9.70968 168.859
M 0 3.599 3 5.35548 168.859
M 13.199 3.599 3 9.61704 168.859
C -150 -153
C -144 -148
M 0 0 0 5.61488 176.973
M 13.199 0 3 9.72821 176.973
M 0 3.599 3 5.37401 176.973
M 13.199 3.599 3 9.72821 176.973
C -145 -148
M 0 0 0 5.63341 169.156
C -144 -150
M 0 3.599 3 5.28137 175.531
M 13.199 3.599 3 9.80233 175.531
C -144 -147
M 0 0 0 5.62414 1.69139
M 13.199 0 3 9.83938 1.69139
M 0 3.599 3 5.28137 1.69139
M 13.199 3.599 3 9.80233 1.69139
C -142 -146
M 0 0 0 5.55003 1.94667
M 13.199 0 3 9.85791 1.94667
M 0 3.599 3 5.20725 1.94667
M 13.199 3.599 3 9.83938 1.94667
C -139 -143
M 0 0 0 5.54076 0.888909
M 13.199 0 3 9.95055 0.888909
M 0 3.599 3 5.22578 0.888909
M 13.199 3.599 3 9.87644 0.888909
C -139 -142
M 0 0 0 5.51297 2.47197
M 13.199 0 3 9.93202 2.47197
M 0 3.599 3 5.13314 2.47197
M 13.199 3.599 3 9.95055 2.47197
C -135 -138
M 0 0 0 5.49444 0.346269
M 13.199 0 3 9.96908 0.346269
M 0 3.599 3 5.24431 0.346269
M 13.199 3.599 3 9.98761 0.346269
C -133 -138
M 0 0 0 5.46665 0.690724
M 13.199 0 3 10.0803 0.690724
M 0 3.599 3 5.11461 0.690724
M 13.199 3.599 3 9.98761 0.690724
C -133 -137
M 0 0 0 5.43886 1.57462
M 13.199 0 3 10.0617 1.57462
M 0 3.599 3 5.07755 1.57462
M 13.199 3.599 3 10.0617 1.57462
C -132 -135
M 0 0 0 5.4018 171.044
M 13.199 0 3 10.1173 171.044
M 0 3.599 3 5.04049 171.044
M 13.199 3.599 3 10.1358 171.044
C -129 -132
M 0 0 0 5.37401 168.777
M 13.199 0 3 10.1544 168.777
M 0 3.599 3 4.98491 168.777
M 13.199 3.599 3 10.1358 168.777
C -128 -131
M 0 0 0 5.29989 171.334
M 13.199 0 3 10.2285 171.334
M 0 3.599 3 4.96638 171.334
C -130 -133
C -132 -136
M 13.199 0 3 10.2655 175.965
M 0 3.599 3 4.94785 175.965
M 13.199 3.599 3 10.21 175.965
C -136 -140
M 0 0 0 5.26284 175.137
M 13.199 0 3 10.3397 175.137
M 0 3.599 3 4.87374 175.137
M 13.199 3.599 3 10.21 175.137
C -142 -139
C -145 -130
M 0 0 0 5.25357 174.454
M 13.199 0 3 10.3397 174.454
M 0 3.599 3 4.87374 174.454
M 13.199 3.599 3 10.3211 174.454
C -149 -129
M 0 0 0 5.18872 173.552
M 13.199 0 3 10.3767 173.552
M 0 3.599 3 4.87374 173.552
M 13.199 3.599 3 10.3211 173.552
C -154 -131
M 0 0 0 5.17946 174.146
M 13.199 0 3 10.4138 174.146
M 0 3.599 3 4.83668 174.146
M 13.199 3.599 3 10.3211 174.146
C -154 -129
M 0 0 0 5.1424 174.815
M 13.199 0 3 10.4323 174.815
M 0 3.599 3 4.7811 174.815
M 13.199 3.599 3 10.4323 174.815
C -145 -119
M 0 0 0 5.10534 174.925
M 13.199 0 3 10.4879 174.925
M 0 3.599 3 4.7811 174.925
M 13.199 3.599 3 10.3952 174.925
C -143 -117
M 13.199 0 3 10.4694 175.171
M 13.199 3.599 3 10.3952 175.171
C -146 -117
M 0 0 0 5.04976 175.975
C -140 -113
M 0 3.599 3 4.68845 172.833
M 13.199 3.599 3 10.5435 172.833
C -139 -110
M 0 0 0 4.96638 6.14664
M 13.199 0 3 10.5805 6.14664
M 0 3.599 3 4.68845 6.14664
M 13.199 3.599 3 10.4694 6.14664
C -144 -116
M 0 0 0 4.98491 5.10795
M 13.199 0 3 10.6546 5.10795
M 0 3.599 3 4.63287 5.10795
M 13.199 3.599 3 10.4694 5.10795
C -149 -121
M 0 0 0 4.94785 0.893103
M 13.199 0 3 10.6176 0.893103
M 0 3.599 3 4.57728 0.893103
M 13.199 3.599 3 10.5805 0.893103
C -146 -123
M 0 0 0 4.95712 0.254366
M 13.199 0 3 10.7102 0.254366
M 0 3.599 3 4.59581 0.254366
M 13.199 3.599 3 10.5805 0.254366
C -138 -126
M 0 0 0 4.92006 -0.0354122
M 13.199 0 3 10.7658 -0.0354122
M 0 3.599 3 4.5217 -0.0354122
M 13.199 3.599 3 10.6176 -0.0354122
C -138 -134
M 0 0 0 4.87374 0.0802318
M 13.199 0 3 10.8214 0.0802318
M 0 3.599 3 4.5217 0.0802318
M 13.199 3.599 3 10.6176 0.0802318
C -143 -141
C -141 -142
M 0 0 0 4.86447 0.250098
M 13.199 0 3 10.8955 0.250098
M 0 3.599 3 4.50317 0.250098
M 13.199 3.599 3 10.6917 0.250098
C -145 -147
M 0 0 0 4.82742 0.878721
M 13.199 0 3 10.8955 0.878721
M 0 3.599 3 4.44758 0.878721
M 13.199 3.599 3 10.6917 0.878721
C -149 -154
C -147 -151
M 0 0 0 4.80889 2.11048
M 13.199 0 3 10.9696 2.11048
M 0 3.599 3 4.42905 2.11048
M 13.199 3.599 3 10.7288 2.11048
C -144 -148
M 0 0 0 4.79962 3.82413
M 13.199 0 3 11.0252 3.82413
M 0 3.599 3 4.42905 3.82413
C -145 -149
M 0 0 0 4.7533 0.78919
M 13.199 0 3 11.0437 0.78919
M 0 3.599 3 4.31788 0.78919
M 13.199 3.599 3 10.877 0.78919
C -154 -157
M 13.199 0 3 11.0437 174.779
M 0 3.599 3 4.33641 174.779
M 13.199 3.599 3 10.914 174.779
C -152 -155
M 0 0 0 4.7533 9.40036
M 13.199 0 3 11.1179 9.40036
M 0 3.599 3 4.2623 9.40036
M 13.199 3.599 3 10.914 9.40036
C -148 -152
M 0 0 0 4.72551 10.6053
M 13.199 0 3 11.1549 10.6053
M 0 3.599 3 4.20671 10.6053
C -149 -149
M 0 0 0 4.70698 173.025
M 13.199 0 3 11.1734 173.025
M 0 3.599 3 4.20671 173.025
M 13.199 3.599 3 11.0252 173.025
C -152 -154
M 0 0 0 4.69772 178.249
M 13.199 0 3 11.2661 178.249
M 0 3.599 3 4.1326 178.249
M 13.199 3.599 3 11.0252 178.249
C -154 -156
M 0 0 0 4.67919 1.10955
M 13.199 0 3 11.2846 1.10955
M 0 3.599 3 4.07701 1.10955
M 13.199 3.599 3 11.0993 1.10955
C -155 -157
M 0 0 0 4.64213 0.338031
M 13.199 0 3 11.3587 0.338031
M 0 3.599 3 4.07701 0.338031
M 13.199 3.599 3 11.1364 0.338031
C -152 -154
C -151 -152
M 0 0 0 4.64213 0.420035
M 13.199 0 3 11.3587 0.420035
M 0 3.599 3 4.03995 0.420035
M 13.199 3.599 3 11.1364 0.420035
C -158 -160
C -161 -164
M 0 0 0 4.66066 -0.102873
M 13.199 0 3 11.4884 -0.102873
M 0 3.599 3 3.98437 -0.102873
M 13.199 3.599 3 11.2105 -0.102873
C -163 -166
M 0 0 0 4.58655 -0.220218
M 13.199 0 3 11.5069 -0.220218
M 0 3.599 3 3.94731 -0.220218
M 13.199 3.599 3 11.2476 -0.220218
C -159 -163
M 0 0 0 4.57728 -0.870258
M 13.199 0 3 11.544 -0.870258
M 0 3.599 3 3.8732 -0.870258
M 13.199 3.599 3 11.3217 -0.870258
C -156 -167
M 0 0 0 4.61434 -161.399
M 13.199 0 3 11.5996 -161.399
M 0 3.599 3 3.85467 -161.399
M 13.199 3.599 3 11.3587 -161.399
C -151 -174
M 0 0 0 4.58655 -6.02878
M 13.199 0 3 11.6737 -6.02878
M 0 3.599 3 3.79908 -6.02878
M 13.199 3.599 3 11.4328 -6.02878
C -148 -180
M 0 0 0 4.56802 -142.675
M 13.199 0 3 11.6737 -142.675
M 0 3.599 3 3.81761 -142.675
M 13.199 3.599 3 11.4699 -142.675
C -145 -180
M 0 0 0 4.56802 -8.11643
M 13.199 0 3 11.7478 -8.11643
M 0 3.599 3 3.79908 -8.11643
M 13.199 3.599 3 11.5069 -8.11643
C -144 -182
M 0 0 0 4.53096 -0.625948
M 13.199 0 3 11.7663 -0.625948
M 0 3.599 3 3.76203 -0.625948
M 13.199 3.599 3 11.5811 -0.625948
C -142 -181
C -138 -177
M 0 0 0 4.50317 176.299
M 13.199 0 3 11.8219 176.299
M 0 3.599 3 3.7435 176.299
M 13.199 3.599 3 11.6922 176.299
C -139 -183
M 0 0 0 4.4939 177.301
M 13.199 0 3 11.9146 177.301
M 0 3.599 3 3.68791 177.301
M 13.199 3.599 3 11.6922 177.301
C -144 -189
M 0 0 0 4.54022 176.315
M 13.199 0 3 12.0072 176.315
M 0 3.599 3 3.65086 176.315
M 13.199 3.599 3 11.7663 176.315
C -142 -188
M 0 0 0 4.5217 172.84
M 13.199 0 3 12.0999 172.84
M 0 3.599 3 3.65086 172.84
M 13.199 3.599 3 11.7293 172.84
C -141 -190
M 0 0 0 4.44758 171.056
M 13.199 0 3 12.3037 171.056
M 0 3.599 3 3.57674 171.056
M 13.199 3.599 3 11.7663 171.056
C -147 -196
C -148 -194
M 0 0 0 4.44758 163.825
M 13.199 0 3 12.0628 163.825
M 0 3.599 3 3.55821 163.825
M 13.199 3.599 3 11.8775 163.825
C -148 -195
M 0 0 0 4.41052 159.809
M 13.199 3.599 3 11.9146 159.809
C -152 -199
M 0 0 0 4.5217 155.094
M 13.199 0 3 12.1554 155.094
M 0 3.599 3 3.59527 155.094
M 13.199 3.599 3 11.9887 155.094
C -157 -204
M 0 0 0 4.61434 149.675
M 13.199 0 3 12.211 149.675
M 0 3.599 3 3.53968 149.675
M 13.199 3.599 3 12.0257 149.675
C -158 -204
C -146 -193
M 0 0 0 4.66066 141.636
M 13.199 0 3 12.2666 141.636
M 0 3.599 3 3.4841 141.636
M 13.199 3.599 3 12.0999 141.636
C -146 -196
M 0 0 0 4.56802 136.391
M 13.199 0 3 12.3037 136.391
M 0 3.599 3 3.52116 136.391
M 13.199 3.599 3 11.9887 136.391
C -156 -205
M 0 0 0 4.56802 131.762
M 13.199 0 3 12.3407 131.762
M 0 3.599 3 3.53968 131.762
M 13.199 3.599 3 12.174 131.762
C -159 -209
M 0 0 0 4.47537 126.243
M 13.199 0 3 12.3407 126.243
M 0 3.599 3 3.53968 126.243
M 13.199 3.599 3 12.211 126.243
C -151 -201
M 0 0 0 4.35494 120.686
M 13.199 0 3 12.3963 120.686
M 0 3.599 3 3.52116 120.686
M 13.199 3.599 3 12.3222 120.686
C -147 -199
M 0 0 0 4.2345 117.522
M 13.199 0 3 12.4519 117.522
M 0 3.599 3 3.4841 117.522
M 13.199 3.599 3 12.3963 117.522
C -155 -206
M 0 0 0 4.16965 114.257
M 13.199 0 3 12.4704 114.257
M 0 3.599 3 3.42851 114.257
M 13.199 3.599 3 12.3593 114.257
C -157 -206
M 0 0 0 4.14186 107.92
M 13.199 0 3 12.5075 107.92
M 0 3.599 3 3.46557 107.92
M 13.199 3.599 3 12.4704 107.92
C -151 -197
M 0 0 0 4.03069 105.7
M 13.199 0 3 12.5445 105.7
M 0 3.599 3 3.46557 105.7
M 13.199 3.599 3 12.5816 105.7
C -157 -192
M 0 0 0 4.0029 103.427
M 13.199 0 3 12.6001 103.427
M 0 3.599 3 3.44704 103.427
M 13.199 3.599 3 12.841 103.427
C -169 -187
C -165 -175
C -160 -167
M 0 0 0 4.0029 98.6503
M 13.199 0 3 12.6187 98.6503
M 0 3.599 3 3.44704 98.6503
M 13.199 3.599 3 12.3222 98.6503
C -164 -169
M 0 0 0 3.95658 98.2392
M 13.199 0 3 12.6928 98.2392
M 0 3.599 3 3.52116 98.2392
M 13.199 3.599 3 12.4334 98.2392
C -178 -180
M 0 0 0 3.90099 99.2272
M 13.199 0 3 12.7484 99.2272
M 0 3.599 3 3.53968 99.2272
M 13.199 3.599 3 12.5445 99.2272
C -174 -175
M 0 0 0 3.91025 98.6624
M 13.199 0 3 12.7484 98.6624
M 0 3.599 3 3.52116 98.6624
M 13.199 3.599 3 12.7298 98.6624
C -159 -160
M 0 0 0 3.82688 99.1067
M 13.199 0 3 12.6928 99.1067
M 0 3.599 3 3.55821 99.1067
M 13.199 3.599 3 12.7298 99.1067
C -151 -154
M 0 0 0 3.80835 99.3341
M 13.199 0 3 12.7484 99.3341
M 0 3.599 3 3.57674 99.3341
M 13.199 3.599 3 12.7669 99.3341
C -166 -167
M 0 0 0 3.79908 99.1658
M 13.199 0 3 12.8039 99.1658
M 0 3.599 3 3.59527 99.1658
M 13.199 3.599 3 12.6928 99.1658
C -169 -172
M 0 0 0 3.78055 99.9043
M 13.199 0 3 12.8039 99.9043
M 0 3.599 3 3.65086 99.9043
M 13.199 3.599 3 12.5075 99.9043
C -158 -164
M 0 0 0 3.7157 99.4902
M 13.199 0 3 12.8039 99.4902
M 0 3.599 3 3.6138 99.4902
M 13.199 3.599 3 12.6187 99.4902
C -140 -147
M 0 0 0 3.68791 100.037
M 13.199 0 3 12.841 100.037
M 0 3.599 3 3.68791 100.037
M 13.199 3.599 3 12.841 100.037
C -140 -147
C -152 -159
M 0 0 0 3.68791 100.187
M 13.199 0 3 12.8595 100.187
M 0 3.599 3 3.72497 100.187
M 13.199 3.599 3 12.9522 100.187
C -153 -157
M 0 0 0 3.65086 99.4952
M 13.199 0 3 12.9336 99.4952
M 0 3.599 3 3.70644 99.4952
M 13.199 3.599 3 13.0263 99.4952
C -138 -144
M 0 0 0 3.59527 98.722
M 13.199 0 3 12.9151 98.722
M 0 3.599 3 3.66938 98.722
M 13.199 3.599 3 12.9151 98.722
C -131 -135
C -138 -142
M 0 0 0 3.58601 97.5986
M 13.199 0 3 12.9707 97.5986
M 0 3.599 3 3.72497 97.5986
M 13.199 3.599 3 12.841 97.5986
C -144 -148
M 0 0 0 3.56748 97.7836
M 13.199 0 3 12.9707 97.7836
M 0 3.599 3 3.76203 97.7836
M 13.199 3.599 3 12.841 97.7836
C -140 -145
M 0 0 0 3.53968 97.2524
M 13.199 0 3 12.9522 97.2524
M 0 3.599 3 3.79908 97.2524
M 13.199 3.599 3 12.8039 97.2524
C -136 -140
M 0 0 0 3.52116 98.4131
M 13.199 0 3 13.0263 98.4131
M 0 3.599 3 3.70644 98.4131
M 13.199 3.599 3 12.9892 98.4131
C -140 -142
M 0 0 0 3.53042 97.5436
M 13.199 0 3 13.0633 97.5436
M 0 3.599 3 3.78055 97.5436
M 13.199 3.599 3 13.0633 97.5436
C -141 -144
M 0 0 0 3.47483 97.0433
M 13.199 0 3 13.0078 97.0433
M 0 3.599 3 3.76203 97.0433
M 13.199 3.599 3 13.1375 97.0433
C -142 -146
M 0 0 0 3.4841 97.0561
C -139 -144
M 13.199 0 3 13.0633 95.6503
M 0 3.599 3 3.78055 95.6503
M 13.199 3.599 3 13.1375 95.6503
C -103 -112
M 0 0 0 3.47483 95.6521
M 13.199 0 3 13.0263 95.6521
M 0 3.599 3 3.83614 95.6521
M 13.199 3.599 3 13.1004 95.6521
C -103 -108
M 0 0 0 3.42851 96.8036
M 13.199 0 3 13.0263 96.8036
M 0 3.599 3 3.81761 96.8036
M 13.199 3.599 3 13.1004 96.8036
C -104 -106
M 0 0 0 3.38219 93.6843
M 13.199 0 3 13.0633 93.6843
M 0 3.599 3 3.79908 93.6843
M 13.199 3.599 3 13.1004 93.6843
C -62 -69
M 0 0 0 3.28028 94.663
M 13.199 0 3 13.1189 94.663
M 0 3.599 3 3.83614 94.663
M 13.199 3.599 3 13.1375 94.663
C -58 -66
M 13.199 0 3 13.1004 94.8605
M 0 3.599 3 3.89173 94.8605
M 13.199 3.599 3 13.1745 94.8605
C -64 -68
M 0 0 0 3.3544 93.2934
M 13.199 0 3 13.0633 93.2934
M 0 3.599 3 3.89173 93.2934
M 13.199 3.599 3 13.1745 93.2934
C -41 -47
C -34 -37
M 0 0 0 3.32661 93.1612
M 13.199 0 3 13.1375 93.1612
M 0 3.599 3 3.89173 93.1612
M 13.199 3.599 3 13.2116 93.1612
C -36 -42
C -8 -12
C -29 -29
M 0 0 0 3.33587 93.5981
M 13.199 0 3 13.156 93.5981
M 0 3.599 3 3.94731 93.5981
M 13.199 3.599 3 13.2116 93.5981
C -32 -32
M 0 0 0 3.33587 91.6852
M 13.199 0 3 13.2116 91.6852
M 0 3.599 3 3.91025 91.6852
M 13.199 3.599 3 13.2116 91.6852
C -25 -28
M 0 0 0 3.3544 91.8824
M 13.199 0 3 13.2116 91.8824
M 0 3.599 3 3.91025 91.8824
M 13.199 3.599 3 13.3227 91.8824
C -31 -31
M 0 0 0 3.29881 91.0966
M 13.199 0 3 13.193 91.0966
M 0 3.599 3 3.92878 91.0966
M 13.199 3.599 3 13.3227 91.0966
C -40 -41
M 0 0 0 3.31734 90.8357
M 13.199 0 3 13.2301 90.8357
M 0 3.599 3 3.92878 90.8357
M 13.199 3.599 3 13.3227 90.8357
C -40 -40
M 0 0 0 3.34513 90.759
M 13.199 0 3 13.2672 90.759
M 0 3.599 3 3.92878 90.759
M 13.199 3.599 3 13.3598 90.759
C -38 -38
M 0 0 0 3.31734 93.3273
M 13.199 0 3 13.2301 93.3273
M 0 3.599 3 3.91025 93.3273
M 13.199 3.599 3 13.3598 93.3273
C -50 -51
M 0 0 0 3.32661 91.5651
M 13.199 0 3 13.2486 91.5651
M 0 3.599 3 3.96584 91.5651
M 13.199 3.599 3 13.3598 91.5651
C -57 -59
M 0 0 0 3.28955 90.8927
M 13.199 0 3 13.2486 90.8927
M 0 3.599 3 3.96584 90.8927
M 13.199 3.599 3 13.3969 90.8927
C -57 -55
M 0 0 0 3.28028 90.3406
M 13.199 0 3 13.2116 90.3406
M 0 3.599 3 3.94731 90.3406
M 13.199 3.599 3 13.4339 90.3406
C -54 -52
M 0 0 0 3.27102 90.1785
C -58 -58
M 0 3.599 3 3.96584 89.6175
M 13.199 3.599 3 13.3969 89.6175
C -64 -66
M 0 0 0 3.25249 89.3059
M 13.199 0 3 13.2301 89.3059
M 0 3.599 3 3.96584 89.3059
M 13.199 3.599 3 13.3598 89.3059
C -66 -68
C -67 -69
M 0 0 0 3.28955 88.7767
M 13.199 0 3 13.2857 88.7767
M 0 3.599 3 3.96584 88.7767
M 13.199 3.599 3 13.3598 88.7767
C -71 -72
M 0 0 0 3.27102 89.6289
M 13.199 0 3 13.2672 89.6289
M 0 3.599 3 3.98437 89.6289
M 13.199 3.599 3 13.3598 89.6289
C -73 -74
M 0 0 0 3.2247 88.3572
M 13.199 0 3 13.2672 88.3572
M 0 3.599 3 3.96584 88.3572
M 13.199 3.599 3 13.3227 88.3572
C -70 -72
M 0 0 0 3.18764 88.5975
M 13.199 0 3 13.2672 88.5975
M 0 3.599 3 4.02143 88.5975
M 13.199 3.599 3 13.3598 88.5975
C -71 -70
M 0 0 0 3.21543 88.2182
M 13.199 0 3 13.2857 88.2182
M 0 3.599 3 4.02143 88.2182
M 13.199 3.599 3 13.3969 88.2182
C -73 -73
M 0 0 0 3.23396 87.2858
M 13.199 0 3 13.3042 87.2858
M 0 3.599 3 4.05848 87.2858
M 13.199 3.599 3 13.3598 87.2858
C -76 -75
M 0 0 0 3.25249 86.3612
M 13.199 0 3 13.2672 86.3612
M 0 3.599 3 4.07701 86.3612
M 13.199 3.599 3 13.471 86.3612
C -74 -72
M 0 0 0 3.15985 87.2309
C -79 -67
M 0 3.599 3 4.03995 86.6561
M 13.199 3.599 3 13.4339 86.6561
C -92 -58
M 13.199 0 3 13.2857 87.6985
M 0 3.599 3 4.03995 87.6985
M 13.199 3.599 3 13.471 87.6985
C -98 -48
M 0 0 0 3.15985 91.7421
M 13.199 0 3 13.2672 91.7421
M 0 3.599 3 4.09554 91.7421
M 13.199 3.599 3 13.471 91.7421
C -107 -40
M 0 0 0 3.18764 96.4676
M 13.199 0 3 13.2301 96.4676
M 0 3.599 3 4.07701 96.4676
M 13.199 3.599 3 13.471 96.4676
C -117 -33
M 0 0 0 3.17838 102.384
M 13.199 0 3 13.2486 102.384
M 0 3.599 3 4.09554 102.384
M 13.199 3.599 3 13.5451 102.384
C -115 -30
M 0 0 0 3.15058 109.711
M 13.199 0 3 13.156 109.711
M 0 3.599 3 4.15113 109.711
M 13.199 3.599 3 13.508 109.711
C -104 -28
C -87 -28
M 0 0 0 3.17838 125.133
M 13.199 0 3 13.1745 125.133
M 0 3.599 3 4.16965 125.133
M 13.199 3.599 3 13.508 125.133
C -68 -33
M 0 0 0 3.15985 131.867
M 13.199 0 3 13.2486 131.867
M 0 3.599 3 4.16965 131.867
M 13.199 3.599 3 13.508 131.867
C -60 -45
M 0 0 0 3.14132 134.514
M 13.199 0 3 13.2486 134.514
M 0 3.599 3 4.18818 134.514
M 13.199 3.599 3 13.471 134.514
C -52 -47
M 0 0 0 3.16911 136.842
C -18 -48
M 0 3.599 3 4.11407 138.442
M 13.199 3.599 3 13.508 138.442
C -11 -76
M 0 0 0 3.14132 136.313
M 13.199 0 3 13.2486 136.313
M 0 3.599 3 4.11407 136.313
M 13.199 3.599 3 13.4339 136.313
C 2 -78
M 0 0 0 3.15985 129.772
M 13.199 0 3 13.3227 129.772
M 0 3.599 3 4.18818 129.772
M 13.199 3.599 3 13.5451 129.772
C 3 -68
M 0 0 0 3.17838 123.479
M 13.199 0 3 13.2672 123.479
M 0 3.599 3 4.22524 123.479
M 13.199 3.599 3 13.6192 123.479
C 0 -63
M 0 0 0 3.15058 116.53
M 13.199 0 3 13.2672 116.53
M 0 3.599 3 4.18818 116.53
M 13.199 3.599 3 13.6192 116.53
C -15 -63
M 0 0 0 3.13206 110.501
M 13.199 0 3 13.3227 110.501
M 0 3.599 3 4.20671 110.501
M 13.199 3.599 3 13.6192 110.501
C -31 -43
M 0 0 0 3.12279 103.85
M 13.199 0 3 13.3598 103.85
M 0 3.599 3 4.18818 103.85
M 13.199 3.599 3 13.6933 103.85
C -40 -15
M 0 0 0 3.11353 103.558
M 13.199 0 3 13.3413 103.558
M 0 3.599 3 4.18818 103.558
M 13.199 3.599 3 13.7304 103.558
C -58 -22
M 0 0 0 3.10426 104.167
M 13.199 0 3 13.3783 104.167
M 0 3.599 3 4.22524 104.167
M 13.199 3.599 3 13.6563 104.167
C -70 -44
M 0 0 0 3.095 105.927
M 13.199 0 3 13.3598 105.927
M 0 3.599 3 4.1326 105.927
M 13.199 3.599 3 13.6563 105.927
C -63 -53
C -59 -56
C -69 -69
M 0 0 0 3.14132 109.783
M 13.199 0 3 13.3598 109.783
M 0 3.599 3 4.24377 109.783
M 13.199 3.599 3 13.6933 109.783
C -74 -76
M 0 0 0 3.13206 109.006
M 13.199 0 3 13.3598 109.006
M 0 3.599 3 4.2623 109.006
M 13.199 3.599 3 13.6933 109.006
C -63 -70
M 0 0 0 3.08574 108.234
M 13.199 0 3 13.3783 108.234
M 0 3.599 3 4.24377 108.234
M 13.199 3.599 3 13.6933 108.234
C -57 -64
M 0 0 0 3.07647 108.414
M 13.199 0 3 13.3969 108.414
M 0 3.599 3 4.28083 108.414
M 13.199 3.599 3 13.7304 108.414
C -66 -71
M 0 0 0 3.12279 108.489
M 13.199 0 3 13.3598 108.489
M 0 3.599 3 4.2623 108.489
M 13.199 3.599 3 13.7674 108.489
C -64 -69
M 0 0 0 3.12279 106.099
M 13.199 0 3 13.3413 106.099
M 0 3.599 3 4.20671 106.099
M 13.199 3.599 3 13.7304 106.099
C -67 -30
M 0 0 0 3.06721 107.116
M 13.199 0 3 13.3969 107.116
M 0 3.599 3 4.29935 107.116
M 13.199 3.599 3 13.7304 107.116
C -96 -9
M 0 0 0 3.05794 111.365
M 13.199 0 3 13.3413 111.365
M 0 3.599 3 4.31788 111.365
M 13.199 3.599 3 13.8045 111.365
C -124 -11
M 0 0 0 3.11353 116.918
M 13.199 0 3 13.3413 116.918
M 0 3.599 3 4.33641 116.918
M 13.199 3.599 3 13.7674 116.918
C -112 13
M 0 0 0 3.13206 126.241
M 13.199 0 3 13.471 126.241
M 0 3.599 3 4.29935 126.241
M 13.199 3.599 3 13.9527 126.241
C -106 10
M 0 0 0 3.28028 136.779
C -99 -6
M 0 3.599 3 4.31788 144.983
M 13.199 3.599 3 13.6192 144.983
C -90 -17
M 0 0 0 3.44704 152.22
M 13.199 0 3 13.3783 152.22
M 0 3.599 3 4.28083 152.22
M 13.199 3.599 3 13.9898 152.22
C -70 -20
M 0 0 0 3.45631 160.491
M 13.199 0 3 13.5451 160.491
M 0 3.599 3 4.29935 160.491
M 13.199 3.599 3 13.9527 160.491
C -38 -24
C -22 -22
M 0 0 0 3.43778 158.54
M 13.199 0 3 13.508 158.54
M 0 3.599 3 4.28083 158.54
M 13.199 3.599 3 13.9157 158.54
C -31 -31
M 0 0 0 3.50263 165.109
M 13.199 0 3 13.5266 165.109
M 0 3.599 3 4.31788 165.109
M 13.199 3.599 3 13.9157 165.109
C -30 -30
M 0 0 0 3.45631 165.982
M 13.199 0 3 13.5266 165.982
M 0 3.599 3 4.29935 165.982
M 13.199 3.599 3 13.9898 165.982
C -22 -24
M 0 0 0 3.45631 166.359
M 13.199 0 3 13.508 166.359
M 0 3.599 3 4.28083 166.359
M 13.199 3.599 3 13.9898 166.359
C -35 -36
M 0 0 0 3.46557 166.313
M 13.199 0 3 13.5266 166.313
M 0 3.599 3 4.31788 166.313
M 13.199 3.599 3 13.9527 166.313
C -43 -45
M 0 0 0 3.03015 168.12
M 13.199 0 3 13.4895 168.12
M 0 3.599 3 4.28083 168.12
M 13.199 3.599 3 14.0268 168.12
C -70 -37
M 0 0 0 3.46557 169.595
M 13.199 0 3 13.5266 169.595
M 0 3.599 3 4.2623 169.595
M 13.199 3.599 3 14.0268 169.595
C -68 -41
M 0 0 0 2.87266 171.91
M 13.199 0 3 13.6007 171.91
M 0 3.599 3 4.2623 171.91
M 13.199 3.599 3 14.0639 171.91
C -69 -56
M 0 0 0 3.51189 173.7
M 13.199 0 3 13.6377 173.7
M 0 3.599 3 4.28083 173.7
M 13.199 3.599 3 14.0639 173.7
C -41 -38
M 0 0 0 3.4841 172.704
M 13.199 0 3 13.7118 172.704
M 0 3.599 3 4.24377 172.704
M 13.199 3.599 3 14.0268 172.704
C -44 -44
M 0 0 0 3.07647 173.413
M 13.199 0 3 13.7118 173.413
M 0 3.599 3 4.24377 173.413
M 13.199 3.599 3 14.1009 173.413
C -40 -42
C -24 -26
M 0 0 0 2.95604 164.78
M 13.199 0 3 13.6748 164.78
M 0 3.599 3 4.2623 164.78
M 13.199 3.599 3 14.1751 164.78
C -41 -42
M 0 0 0 2.92824 0.728037
M 13.199 0 3 13.6933 0.728037
M 0 3.599 3 4.28083 0.728037
M 13.199 3.599 3 14.1009 0.728037
C -27 -35
C -6 -9
M 0 0 0 2.84486 163.588
M 13.199 0 3 13.6377 163.588
M 0 3.599 3 4.24377 163.588
M 13.199 3.599 3 14.0639 163.588
C 8 9
M 0 0 0 2.9653 169.912
M 13.199 0 3 13.7304 169.912
M 0 3.599 3 4.20671 169.912
M 13.199 3.599 3 14.0639 169.912
C 8 6
M 0 0 0 2.91898 174.789
M 13.199 0 3 13.6748 174.789
M 0 3.599 3 4.31788 174.789
M 13.199 3.599 3 14.1009 174.789
C 19 15
M 0 0 0 2.93751 175.435
M 13.199 0 3 13.7118 175.435
M 0 3.599 3 4.2623 175.435
M 13.199 3.599 3 14.1009 175.435
C 11 5
M 0 0 0 2.86339 175.052
M 13.199 0 3 13.7118 175.052
M 0 3.599 3 4.28083 175.052
M 13.199 3.599 3 14.0639 175.052
C -1 -1
M 13.199 0 3 13.7304 173.045
M 13.199 3.599 3 14.138 173.045
C -3 -6
M 0 0 0 2.8356 171.869
M 13.199 0 3 13.7118 171.869
M 0 3.599 3 4.24377 171.869
M 13.199 3.599 3 14.1009 171.869
C 0 -10
M 0 0 0 2.82634 174.077
M 13.199 0 3 13.6563 174.077
M 0 3.599 3 4.31788 174.077
M 13.199 3.599 3 14.138 174.077
C 0 -1
M 0 0 0 2.78001 174.489
M 13.199 0 3 13.6192 174.489
M 0 3.599 3 4.35494 174.489
M 13.199 3.599 3 14.138 174.489
C 15 11
M 0 0 0 2.79854 174.799
M 13.199 0 3 13.6377 174.799
M 0 3.599 3 4.28083 174.799
M 13.199 3.599 3 14.1009 174.799
C 12 9
