F 512.522 3221.94 -0.51913
F 511.622 3200.46 -0.518998
F 512.686 3200.71 -0.518953
F 512.311 3201.16 -0.51831
F 512.518 3194.99 -0.519663
F 507.87 3193.76 -0.52053
F 503.571 3195.06 -0.52577
F 503.689 3192.65 -0.5281
F 505.56 3193.16 -0.530207
F 505.922 3192.7 -0.530458
F 506.105 3189.61 -0.53155
F 507.313 3189.95 -0.53247
F 508.704 3189.32 -0.535563
F 508.536 3191.85 -0.535344
F 509.234 3192.05 -0.535197
F 508.205 3192.21 -0.538954
F 508.26 3191.42 -0.538402
F 509.783 3191.84 -0.537799
F 508.627 3192.32 -0.537506
F 508.677 3191.63 -0.536261
F 509.173 3191.76 -0.535125
F 506.58 3193.02 -0.528556
F 506.562 3193.26 -0.528608
F 507.791 3193.6 -0.528775
F 507.852 3193.3 -0.526915
F 508.024 3191 -0.527163
F 507.843 3190.95 -0.527453
F 507.986 3190.51 -0.527624
F 507.954 3190.94 -0.527748
F 507.795 3190.89 -0.527879
F 508.29 3190.59 -0.531886
F 508.313 3190.29 -0.531563
F 505.99 3191.37 -0.531408
F 505.926 3192.29 -0.531307
F 505.858 3192.27 -0.531184
F 504.336 3192.84 -0.532001
F 504.406 3191.84 -0.531731
F 505.731 3192.21 -0.531633
F 505.611 3192.04 -0.530613
F 505.635 3191.71 -0.530686
F 506.411 3191.92 -0.530794
F 506.8 3191.46 -0.52876
F 506.783 3191.69 -0.528882
F 506.706 3191.67 -0.529005
F 506.633 3191.49 -0.547096
F 506.652 3191.23 -0.546647
F 506.587 3191.22 -0.546211
F 505.643 3191.98 -0.578133
F 506.297 3192.16 -0.577367
F 537.971 3155.16 -0.996883
F 538.846 3155.67 -0.981173
F 543.822 3151.58 -0.958404
F 544.944 3152.17 -0.942847
F 551.558 3146.51 -0.896399
F 1949.45 2597.52 -0.353267
F 1977.94 2687.27 -0.282831
F 2028.18 2816.3 -0.160511
F 2043.51 2819.26 -0.15113
F 2044.02 2837.13 -0.139421
F 2061.22 2876.7 -0.109557
F 2072.08 2880.81 -0.101534
F 2079.83 2897.27 -0.0901285
F 2089.15 2893.28 -0.0893129
F 2088.39 2896.85 -0.0880603
F 2093.22 2907.24 -0.0814151
F 2103.51 2903.94 -0.0789932
F 2103.11 2904.78 -0.0796092
F 2108.46 2916.64 -0.0718942
F 2131.91 2913.25 -0.0613319
F 2131.41 2914.8 -0.0613861
F 2134.67 2922.09 -0.057015
F 2145.46 2919.95 -0.0527881
F 2145.42 2919.06 -0.0545474
F 2146.72 2921.78 -0.0536052
F 2157.02 2919.48 -0.0528016
F 2156.62 2920.55 -0.053157
F 2158.39 2924.49 -0.0512862
F 2180.24 2921.59 -0.0408286
F 2179.88 2922.49 -0.0413047
F 2181.54 2926.26 -0.0395358
F 2192.21 2924.53 -0.0341199
F 2191.83 2925.55 -0.0345183
F 2192.84 2927.74 -0.0339716
F 2203.89 2926.18 -0.0306596
F 2203.84 2925.67 -0.0322276
F 2205.64 2929.93 -0.0300864
F 2217.35 2928.83 -0.0264411
F 2217.13 2929.16 -0.0273652
F 2217.95 2930.93 -0.0271465
F 2229.84 2930.1 -0.0233515
F 2230.11 2928.25 -0.025997
F 2231.59 2931.81 -0.0243718
F 2242.89 2930.75 -0.0197338
F 2242.86 2930.24 -0.0213683
F 2243.89 2932.64 -0.0206631
F 2255.88 2931.71 -0.0149047
F 2268.65 2933.03 -0.0106028
F 2279.73 2932.01 -0.00723866
F 2280.01 2930.13 -0.0100875
F 2280.97 2932.47 -0.00941688
F 2292.85 2931.55 -0.00595248
F 2292.56 2932.18 -0.00667646
F 2293.45 2934.37 -0.00608286
F 2306.56 2933.74 -0.00131801
F 2306.4 2933.82 -0.00248969
F 2307.21 2935.84 -0.00201157
F 2320.36 2935.36 0.00391656
F 2320.58 2933.84 0.00134433
F 2321.58 2936.43 0.0023516
F 2333.76 2935.77 0.000496182
F 2333.99 2934.24 -0.00208649
F 2334.93 2936.72 -0.00114121
F 2347.39 2936.08 -0.0235008
F 2347.61 2934.59 -0.0260142
F 2348.29 2936.3 -0.0256555
F 2360.65 2935.14 -0.0610786
F 2360.56 2935.04 -0.0621982
F 2361.41 2937.4 -0.0610989
F 2385.35 2934.18 -0.162756
F 2384.99 2935.34 -0.16243
F 2385.46 2936.61 -0.161968
F 2407.76 2933.53 -0.273935
F 2407.72 2933.26 -0.274612
F 2418.44 2929.61 -0.313398
F 2417.83 2932.12 -0.311343
F 2418.42 2934.01 -0.309699
F 2428.58 2930.22 -0.33205
F 2428.3 2931.32 -0.331211
F 2428.56 2932.14 -0.330553
F 2438.68 2928.23 -0.34084
F 2438.37 2929.49 -0.339833
F 2438.68 2930.51 -0.338912
F 2448.95 2926.22 -0.341812
F 2448.73 2927.07 -0.341154
F 2449.26 2928.87 -0.339367
F 2459.72 2924.72 -0.338837
F 2460.44 2927.27 -0.336203
F 2470.76 2923.47 -0.333254
F 2470.59 2924.13 -0.33277
F 2471.18 2926.2 -0.330634
F 2481.45 2922.37 -0.323492
F 2481.42 2922.4 -0.323591
F 2481.88 2924.02 -0.321935
F 2492.91 2920.04 -0.31589
F 2492.94 2919.79 -0.316249
F 2493.28 2920.98 -0.31505
F 2504.56 2916.87 -0.309169
F 2504.44 2917.33 -0.308889
F 2504.66 2918.1 -0.30813
F 2525.62 2911.07 -0.300076
F 2525.52 2911.41 -0.299911
F 2526.3 2914.28 -0.29672
F 2536.64 2910.63 -0.29206
F 2536.61 2910.63 -0.292222
F 2536.97 2911.93 -0.29086
F 2559.27 2905.03 -0.279504
F 2559.06 2905.85 -0.278966
F 2559.36 2906.93 -0.277851
F 2569.53 2903.1 -0.273855
F 2569.34 2903.82 -0.273419
F 2569.68 2905.07 -0.272094
F 2580.76 2901.64 -0.259747
F 2580.63 2902.07 -0.259599
F 2581 2903.45 -0.258144
F 2592.53 2900.07 -0.230681
F 2592.49 2900.02 -0.230997
F 2593.03 2902.03 -0.228811
F 2604.85 2899.36 -0.189996
F 2604.73 2899.65 -0.190063
F 2605.27 2901.68 -0.187886
F 2617.42 2899.62 -0.147778
F 2617.31 2899.83 -0.147984
F 2617.71 2901.33 -0.146496
F 2630.33 2899.55 -0.104545
F 2630.22 2899.69 -0.104891
F 2630.74 2901.7 -0.102858
F 2657.08 2901.9 -0.0473693
F 2669.85 2900.9 -0.0332489
F 2669.73 2900.88 -0.0338581
F 2670 2901.89 -0.0331359
F 2683.47 2901.08 -0.0265154
F 2683.47 2900.47 -0.0276952
F 2683.74 2901.49 -0.0269865
F 2696.58 2900.66 -0.0216263
F 2696.47 2900.62 -0.022263
F 2696.86 2902.19 -0.0208824
F 2708.94 2901.43 -0.0133936
F 2708.8 2901.53 -0.0138749
F 2709.08 2902.63 -0.0130481
F 2721.71 2901.86 -0.0068163
F 2721.73 2901.2 -0.00801715
F 2722.12 2902.85 -0.0065388
F 2748.34 2902.3 0.00751255
F 2748.36 2901.63 0.00632853
F 2748.76 2903.41 0.00798221
F 2760.95 2902.95 0.0132636
F 2760.9 2902.61 0.0124268
F 2761.2 2903.92 0.0135214
F 2774.4 2903.64 0.0200804
F 2774.32 2903.49 0.0194429
F 2774.52 2904.31 0.0199784
F 2801.81 2904.39 0.036064
F 2801.7 2904.43 0.0356402
F 2802.1 2906.37 0.037496
F 2814.95 2906.35 0.0450894
F 2814.81 2906.54 0.0448155
F 2815.11 2907.95 0.0460531
F 2828.87 2908.15 0.0526922
F 2828.87 2907.62 0.0517207
F 2829.07 2908.51 0.0523534
F 2843.41 2908.69 0.0587626
F 2843.37 2908.37 0.058022
F 2843.65 2909.77 0.0592477
F 2857.87 2910.23 0.0670659
F 2857.93 2909.42 0.0658453
F 2858.2 2910.8 0.0670552
F 2871.58 2911.27 0.0726561
F 2871.68 2910.3 0.0712955
F 2871.86 2911.2 0.0719625
F 2885.4 2911.77 0.0765162
F 2885.43 2911.14 0.0754985
F 2885.77 2913.05 0.077288
F 2899.25 2913.71 0.0851241
F 2899.25 2913.25 0.0842818
F 2899.59 2915.14 0.0860433
F 2913.1 2915.94 0.0939121
F 2913.2 2914.97 0.0925563
F 2913.45 2916.34 0.0937292
F 2926.45 2917.22 0.101644
F 2926.55 2916.25 0.100288
F 2926.94 2918.62 0.10255
F 2963.67 2922.27 0.124444
F 2963.67 2921.79 0.123578
F 2963.79 2922.36 0.12384
F 2976.15 2923.35 0.131442
F 2976.08 2923.17 0.130868
F 2976.34 2924.8 0.132257
F 2988.9 2925.96 0.138861
F 2988.81 2925.91 0.138415
F 2989.06 2927.53 0.139795
F 3001.38 2928.78 0.145345
F 3001.4 2928.18 0.144347
F 3001.59 2929.32 0.145196
F 3013.56 2930.6 0.150792
F 3013.43 2930.77 0.150569
F 3013.56 2931.45 0.150929
F 3026.08 2932.91 0.157651
F 3026.08 2932.4 0.156749
F 3026.39 2934.59 0.158686
F 3039.23 2936.2 0.165399
F 3039.22 2935.82 0.164632
F 3039.35 2936.53 0.165021
F 3039.3 2936.05 0.164138
F 3039.34 2935.37 0.163064
F 3039.58 2937 0.164384
F 3051.77 2938.56 0.16784
F 3051.86 2937.7 0.166586
F 3052.14 2939.81 0.168404
F 3064.29 2941.46 0.176263
F 3076.45 2944.93 0.183781
F 3088.04 2946.65 0.188354
F 3088.1 2945.94 0.187277
F 3088.37 2948.23 0.189263
F 3099.97 2950.02 0.194955
F 3099.98 2949.57 0.194139
F 3100.16 2950.94 0.195183
F 3111.71 2952.8 0.199807
F 3111.8 2952 0.198653
F 3112.06 2954.36 0.20068
F 3123.57 2956.29 0.206409
F 3123.57 2955.88 0.205653
F 3123.83 2958.24 0.207677
F 3146.7 2962.79 0.219998
F 3146.7 2962.42 0.219299
F 3146.91 2964.48 0.221014
F 3158.14 2966.65 0.226821
F 3158.19 2966.06 0.22592
F 3158.4 2968.16 0.227659
F 3169.79 2970.44 0.231316
F 3169.82 2969.96 0.230523
F 3169.96 2971.17 0.231395
F 3181.53 2973.54 0.23506
F 3181.61 2972.86 0.234088
F 3181.81 2975.03 0.235887
F 3205.23 2980.27 0.244931
F 3205.31 2980.74 0.245084
F 3216.93 2983.14 0.248648
F 3228.51 2985.74 0.251297
F 3228.5 2985.46 0.250752
F 3228.61 2986.56 0.251518
F 3240.45 2989.29 0.255272
F 3240.53 2988.68 0.254406
F 3240.61 2989.37 0.254785
F 3252.34 2992.09 0.258536
F 3252.43 2991.45 0.257658
F 3252.53 2992.68 0.258537
F 3264.26 2995.48 0.26342
F 3264.36 2994.81 0.262518
F 3264.46 2996.09 0.263442
F 3276.32 2998.73 0.268095
F 3276.46 3000.93 0.269872
F 3288.09 3003.52 0.2723
F 3288.23 3005.74 0.27408
F 3299.68 3008.69 0.27901
F 3299.75 3008.15 0.278254
F 3299.87 3009.94 0.279636
F 3335.6 3019.87 0.297298
F 3335.49 3020.03 0.297238
F 3335.55 3020.67 0.297565
F 3347.74 3023.6 0.303105
F 3347.75 3023.3 0.302599
F 3347.82 3024.45 0.303377
F 3360.59 3027.73 0.309
F 3360.61 3027.41 0.308477
F 3360.67 3028.12 0.308867
F 3373.65 3031.53 0.314471
F 3373.57 3031.6 0.314338
F 3373.64 3033.22 0.315531
F 3386.34 3036.72 0.322315
F 3386.38 3036.36 0.321754
F 3386.44 3037.54 0.32255
F 3398.98 3041.04 0.327129
F 3399.03 3040.64 0.326546
F 3399.09 3041.41 0.326972
F 3411.51 3045.04 0.330572
F 3411.6 3044.49 0.329851
F 3411.65 3044.87 0.32994
F 3424.03 3048.58 0.335765
F 3424.09 3048.15 0.335157
F 3424.15 3048.57 0.335286
F 3436.22 3052.3 0.342253
F 3436.25 3051.97 0.341753
F 3436.3 3052.88 0.342303
F 3448.18 3056.46 0.350195
F 3448.19 3056.23 0.349791
F 3448.24 3056.76 0.350017
F 3470.23 3064.93 0.368294
F 3470.28 3065.61 0.368648
F 3481.16 3069.76 0.37926
F 3481.19 3069.47 0.378809
F 3481.23 3070.22 0.37921
F 3492.58 3074.55 0.387534
F 3492.66 3074.09 0.386923
F 3492.68 3075.75 0.388079
F 3514.1 3084.76 0.406473
F 3514.11 3084.54 0.406099
F 3514.14 3085.48 0.406656
F 3524.85 3089.92 0.415009
F 3524.88 3089.64 0.414579
F 3524.91 3090.65 0.41518
F 3536.41 3095.26 0.421119
F 3536.38 3095.18 0.42088
F 3536.41 3096.22 0.421504
F 3547.72 3100.98 0.426491
F 3547.59 3101.2 0.42655
F 3547.6 3102.7 0.427534
F 3558.6 3107.2 0.430186
F 3558.61 3107 0.429849
F 3558.63 3108.12 0.430531
F 3568.91 3112.6 0.434496
F 3569.06 3111.98 0.433757
F 3569.1 3112.34 0.433833
F 3590.86 3122.12 0.444194
F 3590.93 3121.74 0.443687
F 3590.93 3123.09 0.444531
F 3601.42 3127.7 0.450555
F 3601.35 3127.72 0.45043
F 3601.37 3128.7 0.450983
F 3611.48 3133.36 0.457134
F 3611.4 3133.42 0.457044
F 3611.42 3134.47 0.457637
F 3621.89 3139.39 0.460537
F 3621.87 3139.26 0.460272
F 3621.84 3141.17 0.461521
F 3632.55 3145.43 0.467003
F 3632.48 3145.47 0.466892
F 3632.46 3147.01 0.467855
F 3642.75 3151.45 0.473589
F 3642.75 3151.31 0.473311
F 3652.94 3156.07 0.478207
F 3652.88 3156.08 0.478073
F 3652.84 3157.79 0.479147
F 3673.1 3168.09 0.486367
F 3673.05 3168.07 0.486209
F 3673.05 3169.14 0.486794
F 3683.3 3173.62 0.492398
F 3693.22 3179.84 0.498281
F 3703.35 3185.64 0.50486
F 3703.21 3185.85 0.504929
F 3703.19 3187.18 0.505691
F 3713.68 3193.09 0.509958
F 3713.45 3193.56 0.51026
F 3713.39 3195.31 0.511331
F 3724 3200.6 0.516097
F 3734.38 3205.81 0.520855
F 3734.23 3206.04 0.520944
F 3734.18 3207.54 0.521822
F 3744.64 3213.29 0.530153
F 3744.48 3213.55 0.530271
F 3744.46 3214.69 0.530882
F 3755.41 3220.4 0.53453
F 3755.48 3220.1 0.534131
F 3755.42 3221.68 0.535049
F 3766.47 3227.52 0.540879
F 3766.44 3227.47 0.54072
F 3766.38 3229.09 0.541654
F 3776.67 3235.6 0.546084
F 3776.66 3235.5 0.545871
F 3776.56 3237.52 0.547088
F 3786.64 3243.94 0.55149
F 3786.58 3243.96 0.551394
F 3786.41 3246.77 0.553148
F 3817.29 3265.65 0.573302
F 3817.1 3265.98 0.573501
F 3816.83 3269.48 0.575707
F 3827.09 3275.22 0.583607
F 3827.13 3275.01 0.583303
F 3827.01 3276.94 0.584417
F 3847.17 3290.68 0.600761
F 3847.19 3290.54 0.600526
F 3847.51 3288.14 0.598719
F 3857.09 3295.12 0.607576
F 3857.2 3294.76 0.607137
F 3857.4 3293.6 0.606171
F 3867.33 3300.32 0.61352
F 3867.26 3300.36 0.61346
F 3867.37 3300.04 0.613057
F 3877.25 3307.53 0.618719
F 3877.08 3307.78 0.618853
F 3877.22 3307.19 0.618279
F 3886.77 3314.97 0.625321
F 3886.71 3314.99 0.625248
F 3886.76 3315.2 0.625202
F 3896.17 3323.11 0.63233
F 3896.1 3323.15 0.632278
F 3896.14 3323.43 0.632276
F 3915.84 3337.89 0.642967
F 3915.87 3338.36 0.643081
F 3925.25 3346.4 0.647961
F 3925.29 3346.21 0.647696
F 3925.27 3347.09 0.64808
F 3934.91 3354.92 0.651556
F 3934.95 3354.76 0.651322
F 3934.91 3355.71 0.651739
F 3944.98 3363.74 0.656184
F 3944.88 3363.84 0.6562
F 3944.8 3365.18 0.65686
F 3954.76 3373.58 0.660454
F 3954.69 3373.63 0.660423
F 3954.65 3374.66 0.660886
F 3964.25 3382.91 0.66452
F 3964.2 3382.91 0.664443
F 3964.15 3383.99 0.664934
F 3973.48 3392.42 0.667686
F 3973.62 3392.08 0.667291
F 3973.49 3393.9 0.668222
F 3992.34 3410.46 0.679962
F 3992.62 3409.89 0.67935
F 3992.54 3411.2 0.679965
F 4001.4 3420.25 0.687517
F 4001.55 3419.92 0.68713
F 4001.47 3421.27 0.68777
F 4020.32 3436.99 0.700787
F 4020.28 3437.89 0.701155
F 4029.2 3445.91 0.710027
F 4028.99 3446.18 0.710228
F 4028.94 3447.16 0.71064
F 4037.39 3456.12 0.722384
F 4037.33 3456.13 0.722332
F 4037.32 3456.84 0.722586
F 4046.53 3465.13 0.741035
F 4046.71 3464.78 0.74063
F 4046.85 3464.32 0.740205
F 4055.42 3473.68 0.775713
F 4055.62 3473.28 0.77527
F 4055.67 3473.54 0.775253
F 4063.33 3483.5 0.824289
F 4063.53 3483.11 0.823851
F 4063.54 3483.76 0.824048
F 4070.81 3493.46 0.882483
F 4070.98 3493.14 0.882099
F 4070.98 3493.86 0.882327
F 4078 3504.87 0.949701
F 4078.22 3504.48 0.949249
F 4078.26 3504.95 0.94933
F 4084.65 3517.02 1.02888
F 4084.84 3516.67 1.02846
F 4084.88 3517.2 1.02856
F 4099.14 3551.03 1.27461
F 4098.63 3551.61 1.27514
F 4098.9 3550.45 1.27431
F 4104.03 3577.19 1.44079
F 4104.6 3576.39 1.43988
F 4104.77 3576.22 1.43954
F 4105.71 3590.26 1.52712
F 4106.68 3589 1.52569
F 4106.83 3589.19 1.52551
F 4106.68 3604.14 1.61084
F 4106.31 3604.47 1.61114
F 4106.45 3605.01 1.61109
F 4105 3620.47 1.69861
F 4104.94 3620.45 1.69852
F 4105.1 3621.04 1.69846
F 4102.39 3636.08 1.78707
F 4102.46 3635.92 1.78681
F 4102.67 3636.1 1.78655
F 4098.44 3651.53 1.87443
F 4098.61 3651.27 1.87404
F 4098.85 3651.76 1.87387
F 4092.83 3668.19 1.96301
F 4092.89 3668.04 1.96276
F 4093.18 3668.6 1.96255
F 4086.01 3684.12 2.05152
F 4086.15 3683.91 2.05118
F 4086.45 3683.94 2.05077
F 4078.6 3697.78 2.14058
F 4070.47 3710.38 2.22958
F 4060.36 3722.57 2.31567
F 4060.62 3722.26 2.31517
F 4061 3722.15 2.31464
F 4049.07 3734.72 2.40039
F 4049.31 3734.45 2.39993
F 4049.83 3734.57 2.39933
F 4037.13 3745.99 2.48503
F 4037.25 3745.82 2.4847
F 4037.75 3745.79 2.48407
F 4024.49 3755.83 2.55083
F 4024.73 3755.58 2.55037
F 4025.27 3755.53 2.54969
F 3998.19 3772.68 2.614
F 3998.52 3772.38 2.61343
F 3999 3772.18 2.61276
F 3984.53 3780.99 2.62823
F 3984.8 3780.75 2.62775
F 3985.31 3780.56 2.62705
F 3970.7 3789.11 2.63689
F 3970.9 3788.92 2.63649
F 3971.26 3788.65 2.6359
F 3956.69 3797.03 2.64909
F 3956.91 3796.84 2.64866
F 3957.31 3796.59 2.64805
F 3942.94 3804.59 2.66007
F 3929.61 3811.62 2.67017
F 3916.03 3818.76 2.6777
F 3916.23 3818.6 2.67731
F 3916.79 3818.42 2.67656
F 3903.1 3825.58 2.69521
F 3903.26 3825.45 2.69485
F 3903.76 3825.26 2.69416
F 3890.28 3831.76 2.74111
F 3890.22 3831.74 2.74098
F 3890.66 3831.54 2.74035
F 3876.66 3837.51 2.80378
F 3876.4 3837.59 2.80387
F 3876.79 3837.39 2.80328
F 3863.13 3841.93 2.86766
F 3862.68 3842.12 2.86804
F 3862.84 3842.02 2.86778
F 3849.43 3845.72 2.92794
F 3849.23 3845.79 2.92806
F 3849.34 3845.7 2.92784
F 3835.52 3848.77 2.97953
F 3835.15 3848.93 2.97991
F 3835.07 3848.91 2.97998
F 3807.28 3852.62 3.07427
F 3806.95 3852.75 3.07461
F 3806.58 3852.7 3.07497
F 3766.45 3853.02 -3.08253
F 3766.23 3853.1 -3.08231
F 3766 3853.05 -3.0821
F 3752.52 3852.45 -3.05784
F 3752.28 3852.53 -3.05761
F 3751.94 3852.46 -3.05729
F 3739.25 3851.53 -3.04296
F 3738.99 3851.61 -3.04271
F 3738.93 3851.58 -3.04267
F 3726.26 3850.6 -3.03263
F 3725.86 3850.72 -3.03223
F 3725.58 3850.66 -3.03198
F 3713.29 3849.51 -3.02199
F 3712.98 3849.59 -3.0217
F 3712.79 3849.54 -3.02153
F 3700.98 3848.33 -3.01373
F 3700.65 3848.42 -3.01341
F 3700.53 3848.38 -3.01331
F 3688.55 3847.07 -3.0033
F 3688.23 3847.16 -3.00299
F 3688.18 3847.13 -3.00296
F 3676.18 3845.65 -2.99519
F 3675.87 3845.73 -2.99489
F 3675.71 3845.68 -2.99475
F 3664.08 3844.15 -2.98808
F 3663.75 3844.23 -2.98775
F 3641.45 3840.88 -2.97341
F 3641.19 3840.94 -2.97316
F 3641.04 3840.89 -2.97304
F 3629.54 3839.12 -2.96638
F 3629.25 3839.18 -2.9661
F 3628.92 3839.07 -2.96579
F 3617.27 3837.12 -2.95808
F 3616.96 3837.19 -2.95778
F 3616.7 3837.09 -2.95754
F 3594.32 3832.97 -2.94656
F 3594.11 3833.01 -2.94637
F 3593.89 3832.92 -2.94617
F 3583.21 3830.9 -2.93959
F 3583 3830.93 -2.9394
F 3582.69 3830.81 -2.93911
F 3571.96 3828.78 -2.93247
F 3571.73 3828.82 -2.93225
F 3571.4 3828.69 -2.93194
F 3560.68 3826.54 -2.92643
F 3560.38 3826.59 -2.92614
F 3560.2 3826.5 -2.92598
F 3549.56 3824.27 -2.92159
F 3549.36 3824.3 -2.9214
F 3549.08 3824.18 -2.92114
F 3538.9 3822.08 -2.91779
F 3538.63 3822.12 -2.91754
F 3538.19 3821.93 -2.91711
F 3518.88 3817.54 -2.91056
F 3518.68 3817.56 -2.91039
F 3518.42 3817.44 -2.91015
F 3508.33 3815.2 -2.90573
F 3508.17 3815.22 -2.90559
F 3507.82 3815.06 -2.90526
F 3497.47 3812.7 -2.89975
F 3497.28 3812.72 -2.89958
F 3496.85 3812.51 -2.89916
F 3486.41 3810.06 -2.89257
F 3486.22 3810.08 -2.8924
F 3485.85 3809.89 -2.89204
F 3475.55 3807.51 -2.88866
F 3475.38 3807.53 -2.88851
F 3474.94 3807.3 -2.88808
F 3464.44 3804.88 -2.89451
F 3464.22 3804.9 -2.89432
F 3463.77 3804.66 -2.89387
F 3453.08 3802.32 -2.92106
F 3452.88 3802.34 -2.92089
F 3452.49 3802.12 -2.9205
F 3430.59 3798.23 -2.99789
F 3430.38 3798.24 -2.99771
F 3429.9 3797.96 -2.99722
F 3418.57 3796.75 -3.04077
F 3418.42 3796.75 -3.04064
F 3417.93 3796.47 -3.04014
F 3406.38 3795.67 -3.07277
F 3384.79 3794.55 -3.09126
F 3384.65 3794.55 -3.09114
F 3384.12 3794.23 -3.09058
F 3373.67 3793.8 -3.0796
F 3373.58 3793.8 -3.07952
F 3372.92 3793.39 -3.07883
F 3362.22 3792.73 -3.04382
F 3362.08 3792.73 -3.04369
F 3361.6 3792.43 -3.04319
F 3350.84 3791.27 -2.9995
F 3350.7 3791.27 -2.99938
F 3350.16 3790.92 -2.99881
F 3339.92 3789.37 -2.95076
F 3339.79 3789.37 -2.95065
F 3339.3 3789.04 -2.95014
F 3329.43 3786.99 -2.89995
F 3329.25 3786.99 -2.89979
F 3328.71 3786.62 -2.89922
F 3318.61 3783.97 -2.84575
F 3318.46 3783.98 -2.84563
F 3318.03 3783.67 -2.84519
F 3307.79 3780.41 -2.79171
F 3307.68 3780.42 -2.79164
F 3307.3 3780.15 -2.79126
F 3297.56 3776.4 -2.73673
F 3297.43 3776.41 -2.73665
F 3297 3776.08 -2.73621
F 3287.39 3771.82 -2.69042
F 3287.26 3771.83 -2.69034
F 3258.83 3757.2 -2.64786
F 3258.76 3757.21 -2.64785
F 3258.52 3757.01 -2.64763
F 3248.42 3751.58 -2.64217
F 3248.22 3751.41 -2.642
F 3238.35 3746.05 -2.63662
F 3238.25 3746.07 -2.63658
F 3238 3745.85 -2.63634
F 3228 3740.45 -2.6342
F 3227.91 3740.47 -2.63418
F 3227.7 3740.28 -2.63399
F 3217.58 3734.72 -2.63078
F 3217.49 3734.74 -2.63075
F 3217.18 3734.46 -2.63046
F 3206.89 3728.73 -2.62726
F 3206.79 3728.75 -2.62723
F 3206.58 3728.55 -2.62704
F 3196.41 3722.83 -2.62057
F 3196.3 3722.85 -2.62052
F 3196.13 3722.69 -2.62038
F 3186.17 3717.01 -2.615
F 3186.05 3717.03 -2.61496
F 3185.84 3716.82 -2.61476
F 3176.27 3711.31 -2.60829
F 3176.18 3711.34 -2.60827
F 3157.68 3700.33 -2.59417
F 3157.61 3700.36 -2.59417
F 3157.55 3700.3 -2.59416
F 3148.2 3694.67 -2.5866
F 3148.14 3694.7 -2.58661
F 3147.99 3694.54 -2.5865
F 3138.54 3688.7 -2.58004
F 3138.45 3688.74 -2.58004
F 3138.34 3688.61 -2.57997
F 3129.01 3682.79 -2.57242
F 3128.94 3682.83 -2.57243
F 3128.82 3682.7 -2.57235
F 3119.9 3677.05 -2.56589
F 3119.84 3677.09 -2.56593
F 3119.72 3676.95 -2.56584
F 3101.91 3665.3 -2.55394
F 3101.86 3665.35 -2.55398
F 3101.8 3665.29 -2.55397
F 3092.76 3659.32 -2.54861
F 3092.74 3659.37 -2.54868
F 3092.64 3659.24 -2.54862
F 3083.62 3653.24 -2.54326
F 3083.57 3653.29 -2.54331
F 3083.46 3653.16 -2.54325
F 3074.47 3647.12 -2.53789
F 3074.42 3647.17 -2.53793
F 3057.22 3635.33 -2.53258
F 3057.18 3635.39 -2.53264
F 3057.05 3635.22 -2.53255
F 3048.2 3629.12 -2.53156
F 3048.18 3629.18 -2.53164
F 3048.12 3629.1 -2.53163
F 3039.08 3622.86 -2.53064
F 3039.03 3622.92 -2.5307
F 3038.93 3622.79 -2.53065
F 3030.02 3616.63 -2.52966
F 3030 3616.69 -2.52974
F 3029.89 3616.55 -2.52968
F 3021.23 3610.53 -2.5276
F 3021.18 3610.59 -2.52766
F 3021.09 3610.49 -2.52764
F 3012.46 3604.49 -2.52665
F 3012.41 3604.56 -2.52672
F 3012.36 3604.5 -2.52673
F 3003.66 3598.46 -2.52356
F 3003.64 3598.52 -2.52365
F 3003.51 3598.35 -2.52356
F 2994.82 3592.23 -2.52803
F 2994.78 3592.3 -2.52811
F 2994.65 3592.12 -2.52803
F 2986.04 3586.29 -2.54777
F 2986.03 3586.35 -2.54786
F 2985.96 3586.26 -2.54785
F 2960.63 3570.94 -2.6472
F 2960.59 3571.02 -2.64727
F 2960.61 3571.08 -2.64737
F 2951.84 3566.65 -2.68564
F 2951.79 3566.72 -2.6857
F 2951.69 3566.57 -2.68563
F 2942.28 3562.27 -2.72717
F 2942.27 3562.33 -2.72724
F 2942.22 3562.26 -2.72723
F 2932.83 3558.42 -2.76767
F 2932.79 3558.49 -2.76773
F 2932.7 3558.36 -2.76767
F 2923.5 3555 -2.80265
F 2923.46 3555.06 -2.8027
F 2923.4 3554.97 -2.80267
F 2914.49 3552.02 -2.81911
F 2914.45 3552.08 -2.81917
F 2914.36 3551.92 -2.81908
F 2905.23 3548.93 -2.8246
F 2905.2 3548.99 -2.82465
F 2905.15 3548.92 -2.82463
F 2895.69 3545.96 -2.82253
F 2895.66 3546.03 -2.82258
F 2895.58 3545.89 -2.82252
F 2886.15 3542.81 -2.81713
F 2886.1 3542.88 -2.81718
F 2886.04 3542.79 -2.81715
F 2876.7 3539.75 -2.81068
F 2876.64 3539.83 -2.81074
F 2876.61 3539.78 -2.81074
F 2867.03 3536.51 -2.80426
F 2848.74 3530.13 -2.8065
F 2848.7 3530.21 -2.80656
F 2848.65 3530.12 -2.80653
F 2840.01 3527.16 -2.80551
F 2839.96 3527.25 -2.80557
F 2839.87 3527.1 -2.8055
F 2821.65 3520.53 -2.7881
F 2821.62 3520.62 -2.78817
F 2821.55 3520.5 -2.78812
F 2812.77 3517.26 -2.78055
F 2812.74 3517.34 -2.78063
F 2812.74 3517.37 -2.78068
F 2803.72 3513.98 -2.7742
F 2803.69 3514.06 -2.77428
F 2803.58 3513.86 -2.77418
F 2794.23 3510.25 -2.76988
F 2794.21 3510.33 -2.76995
F 2794.18 3510.29 -2.76996
F 2784.79 3506.65 -2.76457
F 2784.78 3506.72 -2.76465
F 2784.76 3506.72 -2.76468
F 2775.53 3503.1 -2.7593
F 2775.49 3503.21 -2.75939
F 2775.4 3503.04 -2.75932
F 2766.23 3499.38 -2.75285
F 2747.68 3491.7 -2.73984
F 2747.65 3491.8 -2.73992
F 2747.57 3491.65 -2.73987
F 2738.15 3487.69 -2.73668
F 2738.13 3487.79 -2.73676
F 2738.07 3487.69 -2.73674
F 2728.33 3483.48 -2.73352
F 2728.31 3483.59 -2.73362
F 2728.22 3483.43 -2.73355
F 2718.34 3479.16 -2.73034
F 2718.33 3479.24 -2.73043
F 2718.26 3479.13 -2.7304
F 2708.24 3474.79 -2.72721
F 2708.22 3474.89 -2.7273
F 2708.15 3474.77 -2.72727
F 2697.95 3470.34 -2.72299
F 2697.93 3470.44 -2.72309
F 2697.86 3470.32 -2.72305
F 2677.3 3461.24 -2.7286
F 2677.29 3461.32 -2.72868
F 2677.2 3461.14 -2.72861
F 2666.63 3456.76 -2.76358
F 2666.65 3456.81 -2.76365
F 2666.6 3456.72 -2.76364
F 2655.27 3452.51 -2.81928
F 2655.28 3452.57 -2.81935
F 2655.23 3452.48 -2.81933
F 2631.72 3446.56 -2.96017
F 2631.76 3446.53 -2.96018
F 2631.73 3446.48 -2.96017
F 2620.41 3444.83 -3.03655
F 2620.44 3444.79 -3.03654
F 2620.39 3444.67 -3.03649
F 2608.71 3443.93 -3.11506
F 2608.75 3443.88 -3.11505
F 2608.69 3443.75 -3.11499
F 2596.53 3443.9 -3.19136
F 2596.54 3443.89 -3.19137
F 2596.46 3443.69 -3.19125
F 2584.89 3444.64 -3.25888
F 2584.91 3444.62 -3.25887
F 2584.89 3444.57 -3.25885
F 2573.74 3446.22 -3.31884
F 2573.73 3446.25 -3.31885
F 2573.69 3446.12 -3.31878
F 2561.92 3448.59 -3.37769
F 2561.9 3448.65 -3.37771
F 2561.85 3448.51 -3.37763
F 2549.82 3451.93 -3.4367
F 2549.82 3452.13 -3.43689
F 2549.78 3452.15 -3.43698
F 2538.25 3456.24 -3.49283
F 2538.24 3456.47 -3.49305
F 2538.22 3456.56 -3.49318
F 2527.14 3460.96 -3.54662
F 2527.1 3461.01 -3.54663
F 2493.29 3476.97 -3.59896
F 2493.32 3476.86 -3.59889
F 2493.28 3476.73 -3.59879
F 2481.79 3482.27 -3.58894
F 2481.83 3482.14 -3.58885
F 2481.76 3481.93 -3.58871
F 2470.07 3487.32 -3.56249
F 2470.06 3487.3 -3.56246
F 2470.03 3487.2 -3.56239
F 2458.51 3492.13 -3.53291
F 2458.52 3492.06 -3.53286
F 2458.51 3492.01 -3.53282
F 2447.01 3496.62 -3.51208
F 2447.02 3496.55 -3.51203
F 2446.99 3496.43 -3.51195
F 2435.31 3500.88 -3.50102
F 2435.28 3500.9 -3.50102
F 2435.29 3500.9 -3.50101
F 2423.55 3505.22 -3.49334
F 2423.53 3505.23 -3.49333
F 2423.42 3504.9 -3.49312
F 2411.85 3509.1 -3.48765
F 2411.85 3509.05 -3.48761
F 2411.81 3508.9 -3.48751
F 2400.22 3513.03 -3.48204
F 2400.2 3513.04 -3.48203
F 2376.1 3521.42 -3.4711
F 2376.08 3521.42 -3.47109
F 2376.07 3521.37 -3.47105
F 2364.29 3525.33 -3.46557
F 2364.28 3525.31 -3.46555
F 2364.24 3525.19 -3.46547
F 2352.19 3529.21 -3.46218
F 2352.19 3529.19 -3.46216
F 2352.12 3529 -3.46203
F 2339.6 3533.08 -3.45764
F 2339.59 3533.06 -3.45762
F 2339.53 3532.86 -3.45749
F 2327.12 3536.87 -3.45311
F 2327.11 3536.87 -3.4531
F 2327.11 3536.86 -3.45309
F 2303.02 3544.45 -3.44108
F 2303.02 3544.43 -3.44106
F 2291.14 3548.06 -3.43669
F 2291.14 3548.02 -3.43666
F 2291.16 3548.07 -3.43668
F 2279.1 3551.66 -3.4312
F 2279.08 3551.68 -3.4312
F 2279.05 3551.58 -3.43113
F 2266.73 3555.18 -3.42565
F 2243.98 3561.66 -3.4158
F 2243.98 3561.62 -3.41577
F 2244.04 3561.78 -3.41586
F 2232.75 3564.93 -3.41149
F 2232.74 3564.93 -3.41148
F 2232.8 3565.08 -3.41157
F 2221.01 3568.31 -3.40828
F 2221 3568.29 -3.40826
F 2221.01 3568.29 -3.40825
F 2209.02 3571.52 -3.40388
F 2209 3571.54 -3.40388
F 2209.05 3571.67 -3.40395
F 2197.46 3574.77 -3.40067
F 2197.45 3574.79 -3.40067
F 2197.5 3574.92 -3.40074
F 2186.28 3577.87 -3.39746
F 2186.26 3577.87 -3.39745
F 2186.26 3577.84 -3.39743
F 2174.6 3580.89 -3.39307
F 2174.56 3580.96 -3.39309
F 2174.58 3581 -3.3931
F 2162.55 3584.05 -3.38872
F 2162.53 3584.08 -3.38873
F 2162.52 3584.04 -3.3887
F 2150.57 3587.03 -3.38324
F 2150.53 3587.12 -3.38327
F 2150.44 3586.85 -3.38311
F 2116.49 3594.81 -3.36127
F 2116.52 3594.68 -3.36121
F 2116.53 3594.68 -3.3612
F 2105.31 3597.15 -3.35465
F 2105.32 3597.08 -3.35462
F 2105.3 3597 -3.35457
F 2093.92 3599.41 -3.34801
F 2093.9 3599.44 -3.34801
F 2093.9 3599.43 -3.348
F 2082.65 3601.76 -3.34363
F 2082.63 3601.82 -3.34365
F 2082.6 3601.72 -3.34359
F 2071.73 3603.93 -3.33922
F 2071.7 3603.99 -3.33924
F 2071.7 3603.96 -3.33922
F 2060.98 3606.07 -3.33702
F 2060.97 3606.07 -3.33701
F 2060.91 3605.88 -3.3369
F 2050 3607.99 -3.33143
F 2049.97 3608.04 -3.33144
F 2049.99 3608.07 -3.33145
F 2038.86 3610.19 -3.32926
F 2038.85 3610.23 -3.32927
F 2038.81 3610.09 -3.32919
F 2027.68 3612.16 -3.32481
F 2027.67 3612.18 -3.32481
F 2027.65 3612.12 -3.32477
F 2016.77 3614.14 -3.3215
F 1995.07 3617.99 -3.31386
F 1995.04 3618.05 -3.31388
F 1995.04 3618.04 -3.31387
F 1983.8 3619.98 -3.3095
F 1983.78 3620.05 -3.30953
F 1983.7 3619.79 -3.30938
F 1972.02 3621.77 -3.30611
F 1971.99 3621.85 -3.30614
F 1971.88 3621.51 -3.30595
F 1949.16 3625.13 -3.2972
F 1949.14 3625.23 -3.29724
F 1949.08 3625.04 -3.29713
F 1937.85 3626.74 -3.28948
F 1937.85 3626.74 -3.28948
F 1937.78 3626.54 -3.28937
F 1925.72 3628.31 -3.28283
F 1925.71 3628.35 -3.28284
F 1925.54 3627.82 -3.28255
F 1913.43 3629.53 -3.27928
F 1913.41 3629.59 -3.2793
F 1913.3 3629.22 -3.2791
F 1902.03 3630.75 -3.27363
F 1902.02 3630.75 -3.27363
F 1901.88 3630.28 -3.27337
F 1891 3632 -3.26919
F 1879.77 3633.38 -3.26593
F 1868.41 3635.08 -3.26175
F 1868.45 3635.34 -3.26192
F 1868.34 3635.14 -3.26184
F 1857.14 3636.77 -3.25766
F 1857.17 3637.07 -3.25784
F 1857.09 3636.94 -3.2578
F 1845.83 3638.3 -3.25347
F 1845.81 3638.38 -3.2535
F 1845.69 3637.98 -3.25329
F 1834.16 3639.29 -3.25003
F 1834.16 3639.29 -3.25003
F 1834.06 3638.98 -3.24987
F 1822.48 3640.27 -3.24553
F 1822.47 3640.34 -3.24556
F 1822.34 3639.94 -3.24535
F 1810.99 3641.16 -3.24101
F 1810.98 3641.24 -3.24105
F 1810.86 3640.83 -3.24084
F 1799.22 3642.06 -3.23542
F 1799.2 3642.27 -3.23551
F 1799.1 3641.95 -3.23535
F 1775.81 3644.1 -3.22773
F 1775.8 3644.15 -3.22775
F 1775.68 3643.73 -3.22754
F 1752.69 3645.73 -3.21777
F 1752.56 3645.3 -3.21755
F 1741.19 3646.47 -3.21446
F 1741.22 3646.81 -3.21465
F 1741.16 3646.73 -3.21464
F 1729.91 3647.84 -3.21045
F 1729.94 3648.26 -3.21068
F 1729.87 3648.18 -3.21067
F 1718.84 3649.29 -3.2065
F 1718.87 3649.61 -3.20669
F 1718.81 3649.53 -3.20667
F 1707.82 3650.54 -3.20357
F 1707.85 3651 -3.20382
F 1707.75 3650.82 -3.20375
F 1697.08 3651.79 -3.20066
F 1697.13 3651.96 -3.20078
F 1697.03 3651.77 -3.20071
F 1686.42 3652.76 -3.19546
F 1686.45 3653.15 -3.19567
F 1686.38 3653.04 -3.19564
F 1675.81 3653.94 -3.19147
F 1675.84 3654.35 -3.19168
F 1675.74 3654.14 -3.19161
F 1665.24 3654.74 -3.18837
F 1665.23 3654.9 -3.18844
F 1665.06 3654.33 -3.18816
F 1654.8 3654.89 -3.18493
F 1654.79 3655.13 -3.18503
F 1654.64 3654.63 -3.18479
F 1644.44 3655.19 -3.18157
F 1644.43 3655.41 -3.18167
F 1623.56 3656.28 -3.17407
F 1623.56 3656.42 -3.17413
F 1623.43 3655.96 -3.17391
F 1612.55 3656.43 -3.1696
F 1612.54 3656.69 -3.16971
F 1612.43 3656.32 -3.16953
F 1590.59 3657.15 -3.1892
F 1590.59 3657.28 -3.18925
F 1590.45 3656.8 -3.18903
F 1579.53 3657.51 -3.21087
F 1579.53 3657.57 -3.2109
F 1579.42 3657.17 -3.21071
F 1568.24 3658.16 -3.23583
F 1568.24 3658.24 -3.23586
F 1568.15 3657.92 -3.23571
F 1557.08 3659.18 -3.26301
F 1557.08 3659.33 -3.26307
F 1556.94 3658.82 -3.26283
F 1546.64 3660.3 -3.29122
F 1546.64 3660.37 -3.29125
F 1546.54 3660.03 -3.29109
F 1536.46 3661.72 -3.31946
F 1536.38 3661.45 -3.31934
F 1516.56 3665.77 -3.38047
F 1516.42 3665.28 -3.38025
F 1506.99 3668.06 -3.41204
F 1507.02 3668.38 -3.4122
F 1507 3668.42 -3.41224
F 1497.22 3671.65 -3.44296
F 1497.25 3672.05 -3.44315
F 1497.25 3672.17 -3.44323
F 1487.21 3675.76 -3.47392
F 1487.25 3676.26 -3.47415
F 1487.19 3676.18 -3.47413
F 1477.26 3680.09 -3.49939
F 1477.3 3680.45 -3.49957
F 1477.26 3680.44 -3.49958
F 1467.59 3684.49 -3.51284
F 1467.63 3684.99 -3.51308
F 1467.58 3684.96 -3.51308
F 1457.65 3689.24 -3.51762
F 1457.69 3689.65 -3.51782
F 1457.66 3689.69 -3.51786
F 1436.97 3698.29 -3.51912
F 1437.01 3698.58 -3.51927
F 1436.98 3698.59 -3.5193
F 1426.34 3703.16 -3.51728
F 1426.38 3703.54 -3.51746
F 1426.37 3703.63 -3.51752
F 1404.39 3712.53 -3.50787
F 1404.43 3712.78 -3.508
F 1404.44 3712.94 -3.50809
F 1393.75 3717.39 -3.50389
F 1393.79 3717.55 -3.50398
F 1383.01 3721.98 -3.49978
F 1383.05 3722.41 -3.49998
F 1383 3722.36 -3.49998
F 1371.54 3726.65 -3.49671
F 1371.54 3726.63 -3.4967
F 1371.44 3726.28 -3.49654
F 1360.15 3730.78 -3.49342
F 1360.19 3731.2 -3.49361
F 1360.16 3731.21 -3.49364
F 1349.12 3735.59 -3.48942
F 1349.16 3736.09 -3.48965
F 1338.14 3740.12 -3.48965
F 1338.14 3740.25 -3.4897
F 1338.03 3739.87 -3.48954
F 1326.7 3744.03 -3.48737
F 1326.7 3744.31 -3.48748
F 1326.61 3744.02 -3.48735
F 1315.18 3748.49 -3.48533
F 1315.23 3749.18 -3.48561
F 1315.17 3749.08 -3.48559
F 1303.65 3753.6 -3.48358
F 1303.7 3754.18 -3.48383
F 1303.63 3754.08 -3.4838
F 1281.12 3762.4 -3.48068
F 1281.18 3762.92 -3.48091
F 1281.17 3763.01 -3.48096
F 1257.36 3771.73 -3.47567
F 1257.41 3772.26 -3.47589
F 1257.4 3772.34 -3.47594
F 1245.22 3776.92 -3.47283
F 1245.28 3777.48 -3.47306
F 1245.27 3777.56 -3.47311
F 1233.34 3782 -3.46891
F 1233.39 3782.74 -3.4692
F 1233.36 3782.72 -3.46921
F 1221.29 3786.75 -3.45721
F 1221.29 3787.11 -3.45733
F 1221.19 3786.74 -3.45717
F 1209.04 3790.96 -3.43226
F 1209.1 3791.79 -3.43259
F 1209.04 3791.7 -3.43257
F 1196.6 3795.16 -3.39764
F 1196.6 3795.43 -3.39773
F 1196.46 3794.94 -3.39752
F 1184.09 3798.35 -3.35952
F 1184.15 3798.99 -3.35978
F 1184.1 3798.92 -3.35976
F 1171.58 3801.81 -3.31848
F 1171.64 3802.5 -3.31875
F 1171.56 3802.32 -3.31869
F 1146.72 3805.74 -3.23362
F 1146.73 3806.01 -3.23372
F 1146.57 3805.44 -3.23348
F 1133.93 3806.4 -3.18552
F 1133.95 3806.83 -3.18567
F 1133.81 3806.37 -3.18548
F 1120.71 3806.79 -3.13645
F 1120.73 3807.3 -3.13663
F 1120.57 3806.76 -3.13641
F 1107.58 3806.59 -3.08631
F 1107.61 3807.02 -3.08646
F 1107.51 3806.71 -3.08634
F 1094.49 3806.03 -3.03301
F 1094.53 3806.77 -3.03328
F 1094.45 3806.48 -3.03316
F 1067.9 3802.28 -2.92957
F 1067.95 3802.98 -2.92983
F 1067.85 3802.65 -2.9297
F 1054.67 3799.17 -2.87831
F 1041.46 3795.4 -2.8271
F 1041.48 3795.69 -2.82721
F 1041.37 3795.32 -2.82706
F 1028.01 3790.78 -2.77586
F 1028.06 3791.38 -2.77609
F 1027.95 3791.04 -2.77596
F 1002.78 3780.14 -2.67459
F 1002.86 3781.06 -2.67493
F 1002.77 3780.78 -2.67482
F 990.949 3774.62 -2.62036
F 990.999 3775.15 -2.62056
F 991.018 3775.28 -2.62062
F 978.921 3768.13 -2.56726
F 978.952 3768.4 -2.56736
F 978.874 3768.17 -2.56728
F 966.973 3760.21 -2.51283
F 966.999 3760.41 -2.51291
F 966.927 3760.2 -2.51284
F 955.982 3752.03 -2.4584
F 956.018 3752.36 -2.45853
F 955.901 3751.98 -2.45839
F 945.615 3743.41 -2.40178
F 945.679 3744.1 -2.40204
F 945.542 3743.64 -2.40188
F 935.346 3734.1 -2.34636
F 935.459 3735.44 -2.34685
F 935.371 3735.18 -2.34677
F 925.666 3725.07 -2.29344
F 925.743 3725.97 -2.29378
F 925.612 3725.55 -2.29363
F 916.832 3715.43 -2.24359
F 916.909 3716.34 -2.24393
F 916.734 3715.74 -2.24372
F 908.39 3705.25 -2.20569
F 908.485 3706.45 -2.20613
F 908.184 3705.32 -2.20572
F 885.094 3672.81 -2.16769
F 885.197 3674.27 -2.16822
F 885.24 3674.59 -2.16835
F 877.894 3664.19 -2.16306
F 877.928 3664.62 -2.16323
F 877.925 3664.74 -2.16328
F 870.058 3653.53 -2.16128
F 870.079 3653.77 -2.16138
F 870.033 3653.71 -2.16137
F 862.381 3642.75 -2.16044
F 862.42 3643.34 -2.16066
F 862.297 3642.94 -2.16054
F 855.324 3632.88 -2.15958
F 855.337 3633.01 -2.15965
F 855.229 3632.67 -2.15954
F 848.57 3623.09 -2.15642
F 848.573 3623.05 -2.15642
F 848.462 3622.7 -2.15631
F 841.207 3612.21 -2.15538
F 841.202 3612.02 -2.15533
F 841.14 3611.89 -2.15529
F 833.737 3601.1 -2.15218
F 833.703 3600.26 -2.1519
F 833.738 3600.56 -2.15201
F 826.799 3590.34 -2.14561
F 826.794 3590.13 -2.14556
F 826.791 3590.26 -2.14561
F 820.662 3581.16 -2.13813
F 820.62 3580.06 -2.13776
F 820.531 3579.81 -2.13769
F 808.037 3560.27 -2.12256
F 807.993 3558.95 -2.12211
F 807.88 3558.58 -2.12201
F 801.473 3548.62 -2.11781
F 801.446 3547.72 -2.11751
F 801.315 3547.28 -2.11738
F 795.542 3538.18 -2.11098
F 795.537 3537.94 -2.11091
F 795.462 3537.75 -2.11087
F 784.46 3519.72 -2.1023
F 784.445 3519.02 -2.10207
F 784.416 3519.05 -2.1021
F 778.572 3509.54 -2.09789
F 778.551 3508.54 -2.09756
F 778.532 3508.61 -2.0976
F 772.882 3499.27 -2.09229
F 772.859 3497.99 -2.09186
F 772.862 3498.16 -2.09193
F 767.418 3489.15 -2.08773
F 767.42 3489.21 -2.08776
F 767.363 3489.1 -2.08775
F 761.824 3479.88 -2.08573
F 761.815 3479.18 -2.0855
F 761.74 3479 -2.08546
F 756.189 3469.59 -2.08233
F 756.187 3469.29 -2.08224
F 756.094 3469.04 -2.08218
F 745.143 3449.8 -2.07251
F 745.142 3449.63 -2.07247
F 745.066 3449.45 -2.07243
F 740.987 3442.35 -2.06275
F 740.985 3441.66 -2.06252
F 740.928 3441.58 -2.06252
F 736.983 3434.57 -2.05719
F 736.982 3434.23 -2.05709
F 736.931 3434.17 -2.05709
F 733.022 3427.2 -2.05504
F 733.022 3427.21 -2.05506
F 732.976 3427.18 -2.05507
F 730.52 3422.97 -2.04758
F 730.521 3422.65 -2.04749
F 730.467 3422.58 -2.04749
F 728.18 3418.57 -2.0389
F 728.183 3417.74 -2.03863
F 728.12 3417.64 -2.03861
F 725.734 3413.3 -2.03438
F 725.737 3412.57 -2.03414
F 725.678 3412.49 -2.03414
F 722.839 3407.22 -2.02446
F 722.842 3406.62 -2.02427
F 722.775 3406.5 -2.02425
F 720.045 3401.31 -2.01349
F 720.053 3400.27 -2.01315
F 719.991 3400.17 -2.01314
F 718.815 3398.27 -2.0133
F 718.819 3397.66 -2.0131
F 718.759 3397.57 -2.0131
F 717.771 3396.05 -2.00998
F 717.776 3395.48 -2.0098
F 717.682 3395.27 -2.00976
F 716.554 3393.4 -2.0099
F 716.56 3392.71 -2.00968
F 716.468 3392.51 -2.00965
F 715.015 3389.99 -2.00871
F 715.021 3389.37 -2.00851
F 714.931 3389.18 -2.00848
F 713.486 3386.7 -2.00864
F 713.491 3386.14 -2.00846
F 713.393 3385.92 -2.00842
F 712.026 3383.55 -2.00856
F 712.029 3383.21 -2.00846
F 711.933 3383 -2.00842
F 710.148 3379.74 -2.00748
F 710.157 3378.99 -2.00724
F 710.063 3378.8 -2.0072
F 708.038 3374.99 -2.00517
F 708.046 3374.32 -2.00495
F 707.944 3374.1 -2.00491
F 705.998 3370.41 -2.00723
F 706.003 3369.98 -2.00709
F 705.893 3369.73 -2.00705
F 702.203 3361.38 -2.00909
F 702.11 3361.2 -2.00906
F 699.854 3356.86 -2.00701
F 699.859 3356.49 -2.0069
F 699.78 3356.36 -2.00688
F 695.213 3347.05 -2.00266
F 695.216 3346.82 -2.0026
F 695.144 3346.71 -2.00259
F 692.694 3341.9 -2.00163
F 692.699 3341.61 -2.00155
F 692.63 3341.52 -2.00154
F 690.122 3336.55 -2.00058
F 690.121 3336.49 -2.00058
F 690.066 3336.44 -2.00059
F 687.649 3331.64 -1.99853
F 687.659 3331.23 -1.99841
F 687.596 3331.16 -1.99841
F 685.194 3326.4 -1.99963
F 685.201 3326.06 -1.99953
F 685.131 3325.97 -1.99953
F 682.64 3321.03 -1.99966
F 682.654 3320.5 -1.9995
F 682.598 3320.46 -1.99951
F 680.036 3315.32 -2.00072
F 680.051 3314.75 -2.00054
F 679.967 3314.61 -2.00053
F 675.141 3304.06 -2.01577
F 675.073 3303.98 -2.01577
F 672.345 3298.96 -2.05297
F 672.345 3298.87 -2.05296
F 672.271 3298.77 -2.05296
F 669.389 3293.99 -2.10761
F 669.401 3293.59 -2.10749
F 669.331 3293.5 -2.10748
F 666.13 3288.84 -2.18066
F 666.135 3288.63 -2.1806
F 666.069 3288.54 -2.1806
F 662.406 3284.06 -2.27232
F 662.415 3283.77 -2.27224
F 662.333 3283.63 -2.27223
F 658.424 3279.58 -2.36501
F 658.446 3278.99 -2.36482
F 658.379 3278.88 -2.36481
F 650.938 3272.74 -2.51212
F 650.963 3272.09 -2.51191
F 650.906 3272 -2.5119
F 647.6 3269.85 -2.55015
F 647.625 3269.24 -2.54995
F 647.572 3269.15 -2.54994
F 644.077 3267 -2.56636
F 644.106 3266.31 -2.56613
F 644.067 3266.26 -2.56613
F 638.647 3262.53 -2.53881
F 638.604 3262.47 -2.53881
F 635.815 3260.54 -2.46796
F 635.82 3260.39 -2.46791
F 635.799 3260.4 -2.46793
F 633.483 3258.58 -2.38073
F 633.507 3258.01 -2.38055
F 633.458 3257.95 -2.38055
F 631.631 3256.24 -2.30316
F 631.663 3255.49 -2.30292
F 631.595 3255.38 -2.30291
F 629.958 3253.61 -2.23425
F 629.978 3253.13 -2.2341
F 629.911 3253.04 -2.2341
F 628.025 3250.72 -2.18181
F 628.048 3250.18 -2.18164
F 627.983 3250.1 -2.18164
F 626.257 3247.87 -2.16864
F 626.273 3247.48 -2.16852
F 626.189 3247.35 -2.16851
F 624.882 3245.73 -2.19586
F 624.896 3245.37 -2.19575
F 624.804 3245.22 -2.19574
F 622.839 3242.87 -2.23509
F 622.862 3242.34 -2.23492
F 622.793 3242.25 -2.23492
F 619.916 3238.91 -2.26336
F 619.911 3238.94 -2.26338
F 619.846 3238.86 -2.26338
F 610.412 3227.94 -2.27763
F 610.433 3227.48 -2.27749
F 610.368 3227.4 -2.27749
F 606.492 3223.04 -2.27537
F 606.516 3222.53 -2.27522
F 606.455 3222.47 -2.27522
F 603.029 3218.6 -2.26765
F 603.045 3218.25 -2.26755
F 602.988 3218.2 -2.26756
F 599.89 3214.67 -2.25999
F 599.914 3214.18 -2.25984
F 599.851 3214.1 -2.25984
F 596.395 3210.05 -2.25444
F 596.411 3209.71 -2.25434
F 596.341 3209.62 -2.25434
F 593.017 3205.67 -2.24894
F 593.013 3205.66 -2.24895
F 592.957 3205.61 -2.24896
F 590.455 3202.81 -2.28938
F 590.477 3202.36 -2.28925
F 590.424 3202.32 -2.28926
F 587.536 3199.43 -2.3842
F 587.562 3198.93 -2.38405
F 587.493 3198.84 -2.38405
F 583.401 3195.52 -2.50735
F 583.431 3194.97 -2.50718
F 583.376 3194.91 -2.50718
F 580.034 3192.93 -2.64359
F 580.052 3192.58 -2.64349
F 579.953 3192.41 -2.64347
F 572.648 3189.1 -2.87131
F 572.647 3189.13 -2.87133
F 568.539 3188.21 -2.95098
F 568.552 3187.98 -2.95091
F 568.456 3187.79 -2.95088
F 564.9 3187.3 -3.00547
F 564.918 3186.98 -3.00536
F 564.836 3186.82 -3.00534
F 560.654 3186.37 -3.02065
F 560.666 3186.15 -3.02058
F 560.598 3186.01 -3.02056
F 558.126 3185.79 -3.0206
F 558.148 3185.4 -3.02047
F 558.083 3185.27 -3.02045
F 555.691 3185.05 -3.02048
F 555.708 3184.76 -3.02039
F 555.625 3184.59 -3.02036
F 553.788 3184.43 -3.01821
F 553.799 3184.23 -3.01815
F 553.718 3184.07 -3.01812
F 550.904 3183.78 -3.01706
F 550.925 3183.42 -3.01695
F 550.857 3183.29 -3.01693
F 547.396 3182.89 -3.01477
F 547.407 3182.71 -3.01471
F 547.322 3182.54 -3.01468
F 543.106 3182.13 -3.0507
F 543.112 3182.04 -3.05067
F 543.031 3181.88 -3.05065
F 538.705 3181.61 -3.08014
F 538.71 3181.52 -3.08011
F 538.624 3181.35 -3.08008
F 533.658 3181.15 -3.0943
F 533.668 3180.98 -3.09424
F 533.586 3180.82 -3.09421
F 530.403 3180.76 -3.09754
F 530.403 3180.76 -3.09754
F 530.334 3180.62 -3.09751
F 526.801 3180.55 -3.09756
F 526.801 3180.55 -3.09756
F 526.715 3180.38 -3.09753
F 521.474 3180.21 -3.09321
F 521.478 3180.13 -3.09319
F 521.376 3179.94 -3.09316
F 518.067 3179.77 -3.09206
F 518.086 3179.53 -3.09197
F 518.019 3179.3 -3.0919
F 514.955 3179.19 -3.07993
F 514.954 3179.2 -3.07994
F 514.888 3179.08 -3.07992
F 515.48 3179.2 -3.08106
F 515.47 3179.36 -3.08111
F 515.404 3179.24 -3.08109
F 515.897 3179.33 -3.07894
F 515.914 3179.03 -3.07885
F 515.838 3178.89 -3.07882
F 517.101 3179.05 -3.0745
F 517.104 3178.98 -3.07448
F 517.028 3178.84 -3.07446
F 517.585 3178.95 -3.06795
F 517.593 3178.81 -3.06791
F 517.526 3178.69 -3.06789
F 517.372 3178.76 -3.06793
F 517.286 3178.6 -3.06791
F 516.864 3178.64 -3.06468
F 516.863 3178.65 -3.06468
F 516.787 3178.52 -3.06466
F 516.345 3178.54 -3.05378
F 516.36 3178.26 -3.05369
F 516.275 3178.1 -3.05367
F 516.197 3178.14 -3.0526
F 516.221 3177.72 -3.05247
F 516.136 3177.57 -3.05244
F 517.107 3177.71 -3.04811
F 517.114 3177.58 -3.04807
F 517.038 3177.45 -3.04805
