6.180152833934471e-09 6.0314415684104006e-09
3.6304297346134717e-09 4.496649719243351e-09
5.411777692643227e-09 6.9575025740675756e-09
5.86957815684741e-09 6.37620045651488e-09
6.371570382412983e-09 6.305957089836056e-09
5.255899271361386e-09 6.794289575395851e-09
0.00033352503669448197 0.00034342907019890845
0.0008518319227732718 0.0008063443819992244
0.0010183100821450353 0.0010073492303490639
0.0010000945767387748 0.0010773317189887166
0.0010663099819794297 0.00099609000608325
0.0019865757785737514 0.002047259360551834
0.0037236674688756466 0.0034294703509658575
0.0033866390585899353 0.0035100707318633795
0.004678110592067242 0.004697944037616253
0.008591610006988049 0.00831018015742302
0.009594413451850414 0.009162838570773602
0.012213703244924545 0.011886409483850002
0.013044344261288643 0.01352701149880886
0.014630144461989403 0.014145808294415474
0.016849583014845848 0.017513323575258255
0.017326660454273224 0.01653573289513588
0.021186737343668938 0.01904979720711708
0.022151527926325798 0.02099064737558365
0.022748904302716255 0.02338281460106373
0.023313062265515327 0.02266399748623371
0.021001160144805908 0.02226676605641842
0.023646099492907524 0.02347768284380436
0.014799578115344048 0.014840546995401382
0.024450644850730896 0.023534581065177917
0.0214545838534832 0.02260245755314827
0.02241557277739048 0.022175168618559837
0.022521793842315674 0.022393077611923218
0.022659221664071083 0.025154907256364822
0.021653300151228905 0.022679973393678665
0.02166438288986683 0.022715261206030846
0.021648144349455833 0.022372566163539886
0.021755626425147057 0.022234544157981873
0.021640237420797348 0.022472238168120384
0.023017622530460358 0.022886697202920914
0.02198619954288006 0.022579727694392204
0.022640056908130646 0.02385476790368557
0.022154338657855988 0.02315654791891575
0.014874428510665894 0.01429736614227295
0.022124480456113815 0.021245097741484642
0.021664416417479515 0.023108044639229774
0.022399473935365677 0.023262428119778633
0.02298322319984436 0.023553552106022835
0.022264976054430008 0.02151300758123398
0.022698698565363884 0.024362092837691307
0.023032687604427338 0.022774960845708847
0.02315528504550457 0.021684817969799042
0.022398691624403 0.02321694791316986
0.022588064894080162 0.023167762905359268
0.022933876141905785 0.02070808596909046
0.023052752017974854 0.022069238126277924
0.023028725758194923 0.022800682112574577
0.015408935956656933 0.015158258378505707
0.023103218525648117 0.020512543618679047
0.022072257474064827 0.021704228594899178
0.021441426128149033 0.022899171337485313
0.02306586690247059 0.021782059222459793
0.02247444912791252 0.02052568458020687
0.021972766146063805 0.022592954337596893
0.022499697282910347 0.022428398951888084
0.024194538593292236 0.023263217881321907
0.021290253847837448 0.023580607026815414
0.021911747753620148 0.02311749942600727
0.022320156916975975 0.02282622829079628
0.022911591455340385 0.022968482226133347
0.02455221861600876 0.022755421698093414
0.01629939302802086 0.015396333299577236
0.021728813648223877 0.02314177341759205
0.02210223861038685 0.023495838046073914
0.023246221244335175 0.021558497101068497
0.022830644622445107 0.02277011051774025
0.022389156743884087 0.021640274673700333
0.0227283276617527 0.022048544138669968
0.021739883348345757 0.02329908311367035
0.021437745541334152 0.022168567404150963
0.021544210612773895 0.022405613213777542
0.023423640057444572 0.022088531404733658
0.02171420492231846 0.02249250002205372
0.022344639524817467 0.022374209016561508
0.023743698373436928 0.02239128388464451
0.01477878913283348 0.015402384102344513
0.02290286123752594 0.022447802126407623
0.022452613338828087 0.022162342444062233
0.02284230850636959 0.020740604028105736
0.02208244614303112 0.022339990362524986
0.021380318328738213 0.022102832794189453
0.02293449267745018 0.02098299376666546
0.021880149841308594 0.02134179323911667
0.023552166298031807 0.02272135578095913
0.02266344614326954 0.02185397408902645
0.023198213428258896 0.021852511912584305
0.015745408833026886 0.015265510417521
0.02127024717628956 0.021987872198224068
0.022256214171648026 0.023719467222690582
0.021808503195643425 0.022256985306739807
0.02193794772028923 0.021468913182616234
0.022116223350167274 0.023855559527873993
0.022733815014362335 0.022998342290520668
0.02324564754962921 0.022115591913461685
0.022863049060106277 0.022818706929683685
0.022293850779533386 0.021801721304655075
0.02316426672041416 0.022642992436885834
0.01537640392780304 0.01495194062590599
0.0219892431050539 0.022185740992426872
0.02300003170967102 0.02222404070198536
0.022217554971575737 0.022830981761217117
0.022521795704960823 0.022583208978176117
0.02116979844868183 0.022870391607284546
0.021561136469244957 0.022939754649996758
0.022122379392385483 0.023691538721323013
0.022507967427372932 0.02237604558467865
0.02306627668440342 0.02253417670726776
0.02191201038658619 0.022597413510084152
0.014902712777256966 0.015357078053057194
0.02211209014058113 0.022295475006103516
0.0218763779848814 0.02202356420457363
0.022873040288686752 0.022823428735136986
0.02263016626238823 0.021623879671096802
0.02259189821779728 0.022262170910835266
0.023401154205203056 0.021421996876597404
0.023423094302415848 0.022347114980220795
0.021980416029691696 0.023368502035737038
0.02106148935854435 0.0231972336769104
0.02301609143614769 0.02301757223904133
0.022136038169264793 0.023246554657816887
0.023152610287070274 0.022137783467769623
0.014331606216728687 0.01507341954857111
0.02197881229221821 0.022483181208372116
0.0211979690939188 0.02225933037698269
0.022561589255928993 0.02287786826491356
0.02277510240674019 0.023053063079714775
0.02218460477888584 0.024485519155859947
0.020955173298716545 0.023544227704405785
0.021211735904216766 0.02384667471051216
0.020228305831551552 0.02383587323129177
0.01953897811472416 0.02413824014365673
0.021588802337646484 0.02374805510044098
0.02092577889561653 0.024889402091503143
0.020961705595254898 0.025399453938007355
0.020697586238384247 0.02333924174308777
0.034446652978658676 0.03957138769328594
0.022406043484807014 0.024805396795272827
0.020202772691845894 0.024331677705049515
0.02031867206096649 0.023564133793115616
0.020181722939014435 0.023605849593877792
0.020261529833078384 0.023667754605412483
0.020820647478103638 0.023997671902179718
0.020426953211426735 0.023538395762443542
0.020044369623064995 0.024904804304242134
0.021009525284171104 0.025065919384360313
0.013400238938629627 0.01691373437643051
0.02032282203435898 0.02408997341990471
0.021287858486175537 0.024005170911550522
0.020701825618743896 0.02542060613632202
0.01952916383743286 0.024093344807624817
0.019967051222920418 0.024700380861759186
0.018725818023085594 0.026029987260699272
0.019903507083654404 0.02654409408569336
0.01794424280524254 0.025513781234622
0.018703628331422806 0.028341613709926605
0.018418999388813972 0.02605878747999668
0.013579970225691795 0.017107712104916573
0.01957874745130539 0.025043422356247902
0.01941496692597866 0.024325093254446983
0.019611718133091927 0.025829710066318512
0.019324248656630516 0.026496458798646927
0.0188999455422163 0.025498656556010246
0.018315711989998817 0.025590980425477028
0.019598953425884247 0.025059295818209648
0.0192327331751585 0.02509879134595394
0.01996208168566227 0.02714366838335991
0.019485950469970703 0.026222404092550278
0.01824275404214859 0.025583403185009956
0.012586989440023899 0.01832479238510132
0.018727822229266167 0.02673119679093361
0.019273290410637856 0.025588195770978928
0.0188913494348526 0.025511784479022026
0.01805252954363823 0.02559065632522106
0.019455622881650925 0.025413742288947105
0.019368181005120277 0.026151886209845543
0.019661782309412956 0.025436008349061012
0.02004210650920868 0.025668011978268623
0.01933758705854416 0.02432260476052761
0.019131118431687355 0.023913569748401642
0.019737012684345245 0.024374945089221
0.013524538837373257 0.017123190686106682
0.020418846979737282 0.02504011243581772
0.020566178485751152 0.02504119835793972
0.02012120746076107 0.02525998093187809
0.020268883556127548 0.025658806785941124
0.01976729743182659 0.02462369203567505
0.020685940980911255 0.025521274656057358
0.020726239308714867 0.024087460711598396
0.02055256813764572 0.02441650629043579
0.02013072371482849 0.0236363485455513
0.02024540677666664 0.02458244375884533
0.02184867486357689 0.023697085678577423
0.01340728159993887 0.015730878338217735
0.02275107614696026 0.02410094626247883
0.02050194703042507 0.0239157285541296
0.021304860711097717 0.024677753448486328
0.02059665508568287 0.025836201384663582
0.020085256546735764 0.024636315181851387
0.020065385848283768 0.026010362431406975
0.018523305654525757 0.027166040614247322
0.019292352721095085 0.0252836961299181
0.018470801413059235 0.026937339454889297
0.01757257990539074 0.026534944772720337
0.012047399766743183 0.019114430993795395
0.01735803671181202 0.025245539844036102
0.01683025062084198 0.026774274185299873
0.017593441531062126 0.02680046670138836
0.01737663522362709 0.027493150904774666
0.01849660649895668 0.02755855582654476
0.016181351616978645 0.027399566024541855
0.01764463074505329 0.02798234112560749
0.017483578994870186 0.027659524232149124
0.016391607001423836 0.02742731012403965
0.016730815172195435 0.027271956205368042
0.01865796372294426 0.027382448315620422
0.01649654470384121 0.028206076472997665
0.017529809847474098 0.026229744777083397
0.01145925372838974 0.01706044003367424
0.018231701105833054 0.02673450857400894
0.017667856067419052 0.0271120797842741
0.01798141747713089 0.026784196496009827
0.01889486238360405 0.0249480027705431
0.019155580550432205 0.02627958171069622
0.018285753205418587 0.026534708216786385
0.019140055403113365 0.025822056457400322
0.019861498847603798 0.025372643023729324
0.019972365349531174 0.025396889075636864
0.019613152369856834 0.024499831721186638
0.020774252712726593 0.024818653240799904
0.014047031290829182 0.015722502022981644
0.021384602412581444 0.022833243012428284
0.021676721051335335 0.023970043286681175
0.021718762814998627 0.023798363283276558
0.02086273580789566 0.025003204122185707
0.021422112360596657 0.024666285142302513
0.021125594154000282 0.023670459166169167
0.02169697731733322 0.025443686172366142
0.019276997074484825 0.02387045882642269
0.020043373107910156 0.024865107610821724
0.021242432296276093 0.025054022669792175
0.01966705732047558 0.024716315791010857
0.013170315884053707 0.016633760184049606
0.01889142580330372 0.026227345690131187
0.01947992667555809 0.024857105687260628
0.03745592385530472 0.04989522881805897
0.019477982074022293 0.02622029557824135
0.019307315349578857 0.02520376443862915
0.01812310703098774 0.02642214670777321
0.013140462338924408 0.017805445939302444
0.018317019566893578 0.0252838134765625
0.019772516563534737 0.025835499167442322
0.019717609509825706 0.02670338749885559
0.019391203299164772 0.02421707473695278
0.020349714905023575 0.025399452075362206
0.018985001370310783 0.026791267096996307
0.020707735791802406 0.025533389300107956
0.02073153667151928 0.023697808384895325
0.01998576708137989 0.023918742313981056
0.01280266884714365 0.01565525121986866
0.021276632323861122 0.023301564157009125
0.023034119978547096 0.022991551086306572
0.02330383099615574 0.023261219263076782
0.021931272000074387 0.023271361365914345
0.023260042071342468 0.022252632305026054
0.022802723571658134 0.02402844838798046
0.020899219438433647 0.023721128702163696
0.020854562520980835 0.023412201553583145
0.02198314294219017 0.022943031042814255
0.022647172212600708 0.02297689951956272
0.014584518037736416 0.0161701999604702
0.02214525081217289 0.021968988701701164
0.021618343889713287 0.02372395433485508
0.02112906612455845 0.023117994889616966
0.02137012965977192 0.021825771778821945
0.022743966430425644 0.02248503267765045
0.02332545630633831 0.023941917344927788
0.024069612845778465 0.022089865058660507
0.022971924394369125 0.02246338501572609
0.02246304787695408 0.021359628066420555
0.022828247398138046 0.02136591635644436
0.024330152198672295 0.021179892122745514
0.016344454139471054 0.014463774859905243
0.022622397169470787 0.021738318726420403
0.023770039901137352 0.021481655538082123
0.02393416501581669 0.021882200613617897
0.023165641352534294 0.020647484809160233
0.023867635056376457 0.022196296602487564
0.02266925387084484 0.021876279264688492
0.023172711953520775 0.02234070748090744
0.02431902289390564 0.022023366764187813
0.022756805643439293 0.02092450112104416
0.024168213829398155 0.020691264420747757
0.014641198329627514 0.015002427622675896
0.024060366675257683 0.02139747329056263
0.0222662091255188 0.023459579795598984
0.02305135689675808 0.023307185620069504
0.023659951984882355 0.023221392184495926
0.022306105121970177 0.02259320579469204
0.023192936554551125 0.02228822186589241
0.022137347608804703 0.02135285921394825
0.02282702550292015 0.022378386929631233
0.022882211953401566 0.021428633481264114
0.022945905104279518 0.023044072091579437
0.020931290462613106 0.02144896611571312
0.022420240566134453 0.023217497393488884
0.02270892634987831 0.021166175603866577
0.02317817509174347 0.023381559178233147
0.014224007725715637 0.015583351254463196
0.02136227861046791 0.021649165078997612
0.023181390017271042 0.02181972935795784
0.022648226469755173 0.022407710552215576
0.023356253281235695 0.021768327802419662
0.02252710610628128 0.021202560514211655
0.024633511900901794 0.0212177075445652
0.024111902341246605 0.019847197458148003
0.024383999407291412 0.020268825814127922
0.0231653843075037 0.02098371461033821
0.02413414604961872 0.020981736481189728
0.023501044139266014 0.020400019362568855
0.02443281002342701 0.020953144878149033
0.024019954726099968 0.020408010110259056
0.01670258678495884 0.013567011803388596
0.023538580164313316 0.02054927498102188
0.023768052458763123 0.02051711082458496
0.02383783832192421 0.02069934457540512
0.023921728134155273 0.020919321104884148
0.023564886301755905 0.021016502752900124
0.025080563500523567 0.02120180055499077
0.024802854284644127 0.021139981225132942
0.02474256418645382 0.022158373147249222
0.02340066060423851 0.02164953388273716
0.023144982755184174 0.020649325102567673
0.024240657687187195 0.020412709563970566
0.02417222410440445 0.020213251933455467
0.024262255057692528 0.020614532753825188
0.01609761267900467 0.01357727125287056
0.023990150541067123 0.02022503688931465
0.023506062105298042 0.021894417703151703
0.025663597509264946 0.019540568813681602
0.024516994133591652 0.022685162723064423
0.023759949952363968 0.02109731175005436
0.02503746747970581 0.021273884922266006
0.024239441379904747 0.02026704140007496
0.023349402472376823 0.02171286940574646
0.02291756682097912 0.021472280845046043
0.02359793148934841 0.02021046355366707
0.01547977700829506 0.01380135864019394
0.02280898578464985 0.021459536626935005
0.023433523252606392 0.020730318501591682
0.0252522062510252 0.02164180763065815
0.024496112018823624 0.0199750829488039
0.023036731407046318 0.020209597423672676
0.023591747507452965 0.02181462198495865
0.02406952530145645 0.020094795152544975
0.02256285585463047 0.01981775462627411
0.023342972621321678 0.020209355279803276
0.023117689415812492 0.02039245143532753
0.02392447181046009 0.022024882957339287
0.022376177832484245 0.02054108865559101
0.026729952543973923 0.019659949466586113
0.02454002946615219 0.02003353461623192
0.017644817009568214 0.012594983913004398
0.025482403114438057 0.020473353564739227
0.02637862227857113 0.01893477514386177
0.02643604576587677 0.018295584246516228
0.026983944699168205 0.01775217615067959
0.027752123773097992 0.018376929685473442
0.026547472923994064 0.018184660002589226
0.026569897308945656 0.018426192924380302
0.026412086561322212 0.018522055819630623
0.028307422995567322 0.018260575830936432
0.02648344822227955 0.017512017861008644
0.027324767783284187 0.01789034716784954
0.026532551273703575 0.01811501383781433
0.017469320446252823 0.01247077900916338
0.025726133957505226 0.019642360508441925
0.027356062084436417 0.017443761229515076
0.026997728273272514 0.01795106567442417
0.025192882865667343 0.01703600026667118
0.027118446305394173 0.01798061467707157
0.05051223002374172 0.03637665696442127
0.027188807725906372 0.017632879316806793
0.026064462959766388 0.01836714893579483
0.02540525048971176 0.016714205965399742
0.027541903778910637 0.018847152590751648
0.026264002546668053 0.01830020546913147
0.018198112025856972 0.011823930777609348
0.027194762602448463 0.018915027379989624
0.027105409651994705 0.017862798646092415
0.02854296751320362 0.018306424841284752
0.02688615582883358 0.01848437823355198
0.026634279638528824 0.01813741959631443
0.027597257867455482 0.018067723140120506
0.02723708748817444 0.019230889156460762
0.02552175708115101 0.019498411566019058
0.02753528580069542 0.018351061269640923
0.02493022009730339 0.01900087296962738
0.027655180543661118 0.01850331760942936
0.025240011513233185 0.018680071458220482
0.018446413800120354 0.01247331127524376
0.02519311010837555 0.01875065453350544
0.02787833660840988 0.018244655802845955
0.027069400995969772 0.0175244752317667
0.025946209207177162 0.018555182963609695
0.025854473933577538 0.017471415922045708
0.02589907869696617 0.019242266193032265
0.02516131103038788 0.019536439329385757
0.02474726364016533 0.020307272672653198
0.02555110491812229 0.01982240006327629
0.02401776798069477 0.02098793163895607
0.024767056107521057 0.020756511017680168
0.025602595880627632 0.020779695361852646
0.024345075711607933 0.02077709324657917
0.022100867703557014 0.021239787340164185
0.015726329758763313 0.015101882629096508
0.02329152449965477 0.022700384259223938
0.02172987349331379 0.022745246067643166
0.022261876612901688 0.023737793788313866
0.02104785665869713 0.023414725437760353
0.021631862968206406 0.02227151021361351
0.022107699885964394 0.024300729855895042
0.02143879421055317 0.02430153079330921
0.021567396819591522 0.024244436994194984
0.020630143582820892 0.02422768622636795
0.02087968960404396 0.024269388988614082
0.020601456984877586 0.02468390390276909
0.02054172195494175 0.023843053728342056
0.0217631496489048 0.024866731837391853
0.02044031210243702 0.023502428084611893
0.013922616839408875 0.015500369481742382
0.02152942307293415 0.02413804456591606
0.021030835807323456 0.024516666308045387
0.019534554332494736 0.024137884378433228
0.020252224057912827 0.0229413490742445
0.020625624805688858 0.02495690807700157
0.020973972976207733 0.023707149550318718
0.020110061392188072 0.024231214076280594
0.020466292276978493 0.026109958067536354
0.021225005388259888 0.025197070091962814
0.020764946937561035 0.0245760940015316
0.021015824750065804 0.02572150155901909
0.020614076405763626 0.02418624609708786
0.020561756566166878 0.023142918944358826
0.013720173388719559 0.015926769003272057
0.021873844787478447 0.025030121207237244
0.020757289603352547 0.024073269218206406
0.021223703399300575 0.024253979325294495
0.0213859211653471 0.02438535913825035
0.021093327552080154 0.023917218670248985
0.02193308249115944 0.02425534836947918
0.02078237757086754 0.023386435583233833
0.022197162732481956 0.02288738079369068
0.02269565872848034 0.021014193072915077
0.024290811270475388 0.02081686072051525
0.023167138919234276 0.021742738783359528
0.016135219484567642 0.01333891972899437
0.02539919875562191 0.02087368816137314
0.02506573125720024 0.020574215799570084
0.0245246309787035 0.01987200789153576
0.024461325258016586 0.02123331092298031
0.024597160518169403 0.021327616646885872
0.02432474121451378 0.0199726615101099
0.023449569940567017 0.022598927840590477
0.02311774529516697 0.021681930869817734
0.021125953644514084 0.021943140774965286
0.02155657857656479 0.02133830636739731
0.022630615159869194 0.021775158122181892
0.02067321538925171 0.021936610341072083
0.02230696938931942 0.021281544119119644
0.022829275578260422 0.022981302812695503
0.015433249063789845 0.015022159554064274
0.02232505939900875 0.021832138299942017
0.02223724126815796 0.023135678842663765
0.021426500752568245 0.02252141386270523
0.020798496901988983 0.02336818538606167
0.02083921805024147 0.02280813828110695
0.022381389513611794 0.023053361102938652
0.021832281723618507 0.022937430068850517
0.02163907326757908 0.02384972758591175
0.021820852532982826 0.02430308237671852
0.022292135283350945 0.02416732907295227
0.022060712799429893 0.023605559021234512
0.02186361514031887 0.022533472627401352
0.020478446036577225 0.024010123685002327
0.014793246984481812 0.016363736242055893
0.022030498832464218 0.02401740662753582
0.021544074639678 0.023070093244314194
0.022472884505987167 0.02269662357866764
0.020845048129558563 0.023491689935326576
0.02196982502937317 0.023991625756025314
0.02295474149286747 0.02398245595395565
0.02152758091688156 0.024775436148047447
0.022056518122553825 0.023490551859140396
0.020491452887654305 0.023026887327432632
0.021646752953529358 0.02350323647260666
0.021774642169475555 0.023332979530096054
0.02191508188843727 0.02337080053985119
0.02246074751019478 0.023686178028583527
0.02364945225417614 0.022187506780028343
0.014677781611680984 0.014462464489042759
0.022457581013441086 0.021342506632208824
0.023489348590373993 0.02147257886826992
0.02278854511678219 0.020812926813960075
0.023011913523077965 0.020789243280887604
0.022125402465462685 0.02085600420832634
0.022118674591183662 0.021228346973657608
0.023767858743667603 0.021907735615968704
0.023261016234755516 0.021721379831433296
0.02246430702507496 0.019887687638401985
0.02318173088133335 0.021358724683523178
0.023697959259152412 0.02161322720348835
0.0151443500071764 0.014416896738111973
0.023096781224012375 0.0216592438519001
0.022240018472075462 0.02050923928618431
0.023813016712665558 0.022039785981178284
0.023121530190110207 0.021580995991826057
0.021235955879092216 0.02358171157538891
0.021004876121878624 0.022051529958844185
0.023301986977458 0.023735670372843742
0.021311823278665543 0.02332165837287903
0.022390486672520638 0.023145556449890137
0.021767649799585342 0.024110235273838043
0.021817229688167572 0.02286830171942711
0.02268604189157486 0.02358761429786682
0.021882181987166405 0.02318187616765499
0.023177169263362885 0.02259986102581024
0.014478344470262527 0.014589237980544567
0.02188298851251602 0.023232977837324142
0.02135441266000271 0.023099714890122414
0.020964883267879486 0.023509202525019646
0.02111157216131687 0.023699812591075897
0.021677536889910698 0.02556152641773224
0.019855977967381477 0.025342023000121117
0.019268369302153587 0.02563166245818138
0.020451096817851067 0.024796677753329277
0.020679965615272522 0.023379599675536156
0.02007978782057762 0.025750290602445602
0.019447095692157745 0.025871140882372856
0.020271791145205498 0.025622116401791573
0.0193927139043808 0.02474985644221306
0.013488630764186382 0.01709139719605446
0.020206987857818604 0.024193523451685905
0.020210502669215202 0.024808058515191078
0.019900737330317497 0.02413359098136425
0.02065485529601574 0.025068843737244606
0.01914665289223194 0.024533484131097794
0.020130686461925507 0.024893715977668762
0.0201706700026989 0.02576410584151745
0.020075835287570953 0.025010699406266212
0.020074136555194855 0.024963058531284332
0.019145304337143898 0.025078365579247475
0.019250059500336647 0.02411862276494503
0.01956154778599739 0.025627698749303818
0.019646286964416504 0.027378961443901062
0.013699807226657867 0.017776403576135635
0.01972750388085842 0.0257328562438488
0.018425213173031807 0.025156822055578232
0.019696688279509544 0.027082331478595734
0.019950222223997116 0.027511276304721832
0.01976758986711502 0.026076972484588623
0.018167421221733093 0.02751188352704048
0.017527101561427116 0.026465071365237236
0.019100822508335114 0.025224706158041954
0.018305165693163872 0.026824375614523888
0.019084302708506584 0.02737211436033249
0.018639441579580307 0.02519659325480461
0.019760167226195335 0.026628796011209488
0.012575183063745499 0.016698308289051056
0.017842158675193787 0.02684338018298149
0.018454955890774727 0.0260806642472744
0.018629861995577812 0.027116820216178894
0.017792290076613426 0.02562675066292286
0.01854310929775238 0.02558700367808342
0.01902063749730587 0.026727763935923576
0.01821126975119114 0.026651453226804733
0.01852801814675331 0.025521529838442802
0.020412437617778778 0.027101611718535423
0.018422823399305344 0.026394108310341835
0.018541187047958374 0.025104057043790817
0.017505671828985214 0.027383366599678993
0.018685180693864822 0.02745572291314602
0.018942955881357193 0.026313072070479393
0.012367832474410534 0.01891971565783024
0.019487585872411728 0.025910653173923492
0.01813509315252304 0.02730543352663517
0.017865432426333427 0.025884002447128296
0.01803557202219963 0.02758379839360714
0.018624739721417427 0.02520514279603958
0.01889488473534584 0.026703499257564545
0.018082408234477043 0.025976499542593956
0.017791250720620155 0.024230562150478363
0.01928061805665493 0.026904691010713577
0.019807118922472 0.024613484740257263
0.019493844360113144 0.026364712044596672
0.019750019535422325 0.02517673373222351
0.01277682650834322 0.017285078763961792
0.018474427983164787 0.025707567110657692
0.01771273836493492 0.02651294134557247
0.01991531439125538 0.026949336752295494
0.01882339082658291 0.02564680203795433
0.0371982641518116 0.05132417194545269
0.019243696704506874 0.02512124553322792
0.018297918140888214 0.025302700698375702
0.01967085711658001 0.028003549203276634
0.0196758434176445 0.027433225885033607
0.019430138170719147 0.026897752657532692
0.01980520598590374 0.025862112641334534
0.01974288560450077 0.026426929980516434
0.013638935051858425 0.01693383790552616
0.01920909434556961 0.02659856155514717
0.01894572749733925 0.026599876582622528
0.018025852739810944 0.025049369782209396
0.01895664818584919 0.025922318920493126
0.019535433501005173 0.025115203112363815
0.020184870809316635 0.024869224056601524
0.020504789426922798 0.023211611434817314
0.021794024854898453 0.022620368748903275
0.02147400937974453 0.02339007519185543
0.0233169998973608 0.023289751261472702
0.021156437695026398 0.022307127714157104
0.024127688258886337 0.022975318133831024
0.021078990772366524 0.023042447865009308
0.014784528873860836 0.014814813621342182
0.022420788183808327 0.023092038929462433
0.02166428044438362 0.0224083811044693
0.02316334843635559 0.023917239159345627
0.021880779415369034 0.02284042164683342
0.02213187888264656 0.02250203676521778
0.022795988246798515 0.022604571655392647
0.022575408220291138 0.022345129400491714
0.021339021623134613 0.02379760332405567
0.02054005116224289 0.022735971957445145
0.021235883235931396 0.02409602329134941
0.020828017964959145 0.023398585617542267
0.013848446309566498 0.016530150547623634
0.020077601075172424 0.02333417534828186
0.019318001344799995 0.023475652560591698
0.019828904420137405 0.025014100596308708
0.018262892961502075 0.025213012471795082
0.020326105877757072 0.025631917640566826
0.02034224383533001 0.024149782955646515
0.020520148798823357 0.024407025426626205
0.01941685937345028 0.023237375542521477
0.02074875496327877 0.024925973266363144
0.01981952413916588 0.025162948295474052
0.020674826577305794 0.024724852293729782
0.020747702568769455 0.02487681806087494
0.019589997828006744 0.024005964398384094
0.01344682089984417 0.016989815980196
0.019538942724466324 0.02556079812347889
0.01978885941207409 0.023897605016827583
0.019875211641192436 0.0250737015157938
0.02042185328900814 0.024483993649482727
0.019454006105661392 0.0250758845359087
0.019738491624593735 0.024413587525486946
0.019557837396860123 0.024600058794021606
0.019548000767827034 0.02502269670367241
0.0201661866158247 0.025249000638723373
0.019575169309973717 0.02396559901535511
0.019529292359948158 0.024745162576436996
0.019670268520712852 0.025667741894721985
0.019990544766187668 0.024106666445732117
0.013402607291936874 0.0165315642952919
0.020531123504042625 0.024628298357129097
0.01957094483077526 0.025155257433652878
0.019542790949344635 0.025557996705174446
0.01946694403886795 0.025666462257504463
0.020129261538386345 0.025139017030596733
0.020996585488319397 0.025029964745044708
0.020563624799251556 0.02417130023241043
0.019743751734495163 0.025363605469465256
0.020170822739601135 0.02478083223104477
0.019115258008241653 0.02412865310907364
0.02149471640586853 0.025388095527887344
0.02030600979924202 0.0238217543810606
0.014524580910801888 0.01652594283223152
0.023521438241004944 0.02352113090455532
0.022246014326810837 0.02346157468855381
0.022293776273727417 0.021932344883680344
0.02208186872303486 0.020798346027731895
0.02227454073727131 0.023222848773002625
0.022614454850554466 0.021524427458643913
0.023962434381246567 0.021204818040132523
0.024210454896092415 0.021788550540804863
0.022217266261577606 0.02192874066531658
0.023553963750600815 0.021908340975642204
0.023083597421646118 0.021619033068418503
0.023186122998595238 0.021254584193229675
0.022910624742507935 0.02274409309029579
0.015558731742203236 0.0154257258400321
0.022203747183084488 0.02176699787378311
0.02324298955500126 0.023344649001955986
0.02371855080127716 0.023184552788734436
0.02327156811952591 0.02141348458826542
0.023348690941929817 0.022286221385002136
0.024123845621943474 0.02168906293809414
0.023845890536904335 0.020699266344308853
0.022699564695358276 0.021740559488534927
0.022252028807997704 0.021237606182694435
0.02254764921963215 0.02198912389576435
0.022004853934049606 0.021712196990847588
0.023531317710876465 0.0213844683021307
0.0242169089615345 0.021677998825907707
0.02442503534257412 0.02176615595817566
0.015004387125372887 0.01479957066476345
0.02317490242421627 0.023103108629584312
0.024328090250492096 0.020827043801546097
0.0231737419962883 0.021347414702177048
0.02273189276456833 0.019939027726650238
0.02370915561914444 0.022232161834836006
0.02369990386068821 0.021005529910326004
0.023202691227197647 0.02178560569882393
0.02218235284090042 0.020846838131546974
0.023652704432606697 0.02161034755408764
0.02460455149412155 0.02170276828110218
0.023465482518076897 0.021319827064871788
0.02429255284368992 0.020801108330488205
0.02436167560517788 0.020904775708913803
0.016228102147579193 0.014599665068089962
0.02458242140710354 0.02026836760342121
0.023721760138869286 0.020964743569493294
0.024142442271113396 0.02231699973344803
0.02368592657148838 0.021380603313446045
0.023184185847640038 0.022847628220915794
0.022432686761021614 0.02327415905892849
0.022347912192344666 0.022712131962180138
0.02054709754884243 0.023243151605129242
0.02165764570236206 0.022813567891716957
0.02111954055726528 0.02299589104950428
0.024346837773919106 0.02243662066757679
0.022228842601180077 0.022842561826109886
0.021357348188757896 0.022686846554279327
0.02253112383186817 0.022590957581996918
0.013247554190456867 0.015451954677700996
0.021298961713910103 0.02326265163719654
0.021821806207299232 0.02212115190923214
0.021832797676324844 0.024576829746365547
0.021318567916750908 0.023221278563141823
0.01976100727915764 0.024759404361248016
0.020461954176425934 0.023228777572512627
0.021204331889748573 0.02334747463464737
0.021202143281698227 0.024081584066152573
0.021393150091171265 0.02441277727484703
0.021504146978259087 0.02385425940155983
0.019819209352135658 0.024641823023557663
0.02007179521024227 0.023731069639325142
0.020713046193122864 0.023944854736328125
0.014881099574267864 0.015690607950091362
0.021108120679855347 0.024340858682990074
0.020717879757285118 0.024405192583799362
0.020252658054232597 0.023965874686837196
0.02052357792854309 0.022608112543821335
0.0211305133998394 0.02354193665087223
0.0208535548299551 0.02312297374010086
0.022781582549214363 0.023273363709449768
0.021685563027858734 0.02237883396446705
0.021151266992092133 0.023528827354311943
0.022084318101406097 0.024165574461221695
0.02202264778316021 0.023570803925395012
0.02291332557797432 0.02325574681162834
0.013718049973249435 0.015514708124101162
0.02103198505938053 0.023275092244148254
0.020937670022249222 0.0230331439524889
0.02275722101330757 0.02291511557996273
0.021380556747317314 0.02330739237368107
0.021208524703979492 0.02346433885395527
0.02020232193171978 0.02386634796857834
0.022812237963080406 0.023719951510429382
0.022199567407369614 0.0228835791349411
0.021535279229283333 0.024811536073684692
0.022358424961566925 0.023367512971162796
0.02233484387397766 0.022518618032336235
0.021279118955135345 0.02317792922258377
0.014030437916517258 0.014731689356267452
0.02266652137041092 0.02438090555369854
0.0230406541377306 0.021152378991246223
0.023903004825115204 0.02524924837052822
0.020608648657798767 0.02479628287255764
0.02143826149404049 0.023767203092575073
0.021617891266942024 0.02338380366563797
0.02152920886874199 0.02296685241162777
0.020856820046901703 0.023401625454425812
0.021587545052170753 0.023270513862371445
0.01431641448289156 0.015975849702954292
0.02083546854555607 0.025390030816197395
0.02184363268315792 0.023510215803980827
0.04390913061797619 0.04420894756913185
0.021609563380479813 0.024313949048519135
0.013247329741716385 0.013265895657241344
0.0027284868992865086 0.0027136511635035276
1.2054213982537476e-07 -1.2143907213157945e-07
8.2170504356327e-07 -5.916945156059228e-07
9.858918019745033e-07 -7.198264029284474e-07
6.935773058103223e-07 -4.4466338522397564e-07
6.162909471640887e-07 -5.05916773363424e-07
4.528911858869833e-07 -3.6196144037603517e-07
3.566021575807099e-07 -2.3416923511376808e-07
5.238593114853529e-09 9.559699698513668e-09
2.517515724775876e-07 -1.3612692839615192e-07
6.17183161466528e-07 -3.5606393566922634e-07
3.0767861858294054e-07 -7.253076006463743e-08
-1.4084537269809516e-07 3.2047876175056444e-07
-1.474470678886064e-07 1.95895665910939e-07
-9.799197187021491e-08 1.5324805247018958e-07
-2.569728962953377e-07 4.10675482953593e-07
-4.571070633119234e-07 5.798524966849072e-07
-4.821584411729418e-07 6.185659913171548e-07
-3.40738125714779e-07 4.4126232978669577e-07
-2.23736861926227e-07 3.1399636668538733e-07
-2.687082769625704e-07 4.0433343428958324e-07
-2.5191658892254054e-07 4.870851739724458e-07
