-1.7265944957699666 -0.5545100316537772 -0.00105826575177981
-1.726594517510489 -0.5545100323320586 -0.0010582231360681616
-1.7265944716788304 -0.554510041904059 -0.0010582290394801222
-1.7265944749534516 -0.554510043554293 -0.0010582451673518164
-1.7265945147163497 -0.5545100471318962 -0.0010582104652918669
-1.7265944780180948 -0.5545100423458382 -0.0010582153652200913
-1.726084973776915 -0.5545105897437194 -0.001058155774925751
-1.7254054498380176 -0.5545113140750805 -0.0010578614441461426
-1.7243853967651903 -0.5545123976039867 -0.001057943759359138
-1.723364769119585 -0.5545134724414513 -0.0010579620847229892
-1.7223442778070552 -0.5545145624618216 -0.0010579869007013042
-1.7203055099166618 -0.5545167269611502 -0.0010574802007032513
-1.7167378576062526 -0.5545205155560465 -0.0010570168624228495
-1.7133704707429536 -0.5545240729758801 -0.0010575899472026317
-1.7062306568752263 -0.5545316314390644 -0.0010575876795281378
-1.6975604960244286 -0.5545408025898647 -0.0010568312596717772
-1.6876990760848924 -0.5545512442297879 -0.0010564598071584933
-1.6754593732107332 -0.5545641884412471 -0.0010561355461200235
-1.662538966231353 -0.5545779087073017 -0.0010564656954850445
-1.6467638912335243 -0.554594725768926 -0.0010565428387518503
-1.6294243918467899 -0.5546131804887888 -0.001056009525127501
-1.6113349268150912 -0.5546323371577473 -0.0010555666648804907
-1.590425285936318 -0.5546544501272068 -0.0010556806919635668
-1.5681554170372423 -0.5546780082595714 -0.0010556071038518256
-1.553194978004943 -0.5546938902985685 -0.0010553473849190202
-1.5307540280056111 -0.5547177963531744 -0.0010553578056126639
-1.5083136544260647 -0.5547415687153004 -0.0010551533313724536
-1.4858742130297689 -0.5547652954969086 -0.0010548219242773038
-1.4634351311386304 -0.5547890176990656 -0.001054465007687552
-1.4409954643786917 -0.5548128631643251 -0.0010542743640330466
-1.4185554825226452 -0.5548367214868062 -0.0010542414997965798
-1.396114686031297 -0.5548604365162477 -0.0010542998045746353
-1.3736742679776288 -0.5548841472616912 -0.0010542579311423814
-1.3512343358364334 -0.5549079052978023 -0.001054303216978108
-1.3287945667663363 -0.5549317789496563 -0.0010544264404507276
-1.3063546126262255 -0.5549555741728206 -0.001054432574598804
-1.2839144147634582 -0.5549792915959908 -0.001054338856030275
-1.2614742368995067 -0.5550029957035345 -0.0010542657845396804
-1.239034305138363 -0.5550267935404971 -0.0010543406227276448
-1.21659443345644 -0.5550506672109254 -0.001054401262462246
-1.1941544961273283 -0.5550744058559915 -0.0010543815167210527
-1.1791945212751 -0.555090217424975 -0.0010543250918433021
-1.1567544808749246 -0.5551139251367431 -0.0010542566896852568
-1.1343143837052345 -0.5551377322180754 -0.0010543180672519768
-1.1118743037008252 -0.5551615953651656 -0.0010544215504347456
-1.089434343581388 -0.5551853270394259 -0.0010543677898181244
-1.0669944324477456 -0.555209036589405 -0.0010541940629168508
-1.0445544337905797 -0.5552327553424847 -0.0010542168092895232
-1.0221143768326288 -0.5552566207504559 -0.001054328575094495
-0.999674386235374 -0.5552804389465589 -0.0010543729981105357
-0.9772344349076232 -0.5553041510854304 -0.0010542437374855048
-0.9547943975425902 -0.5553278511181821 -0.0010541725768763036
-0.9323544150921229 -0.5553516177681661 -0.0010542271419438389
-0.9099144408742761 -0.5553755052236934 -0.0010543170508178065
-0.8874744175937104 -0.5553992648385123 -0.00105432078862894
-0.8650344564789555 -0.555422971041589 -0.0010541872260408356
-0.8425944408545004 -0.555446680565551 -0.0010541521038042343
-0.8201544390690194 -0.5554705098801578 -0.0010542698723713677
-0.8051944709483921 -0.5554864253753191 -0.001054294128869689
-0.7827544749946145 -0.555510179161067 -0.001054259997729651
-0.7603144632385043 -0.5555338864210829 -0.0010541838438429142
-0.7378744900283344 -0.5555576019755869 -0.0010541145455836291
-0.7154344550528198 -0.5555814304037976 -0.0010542084574783287
-0.6929944926912376 -0.5556052704787545 -0.0010542626167343318
-0.6705545307861807 -0.5556289990062971 -0.001054180509274953
-0.6481144870992118 -0.5556527023950749 -0.0010540922073040855
-0.6256745042971968 -0.555676444490121 -0.0010541186167811424
-0.6032345492540233 -0.5557003135054691 -0.0010541944379946265
-0.5807945329084131 -0.5557241048887677 -0.0010542092251399182
-0.558354500506225 -0.5557478068525806 -0.00105414836903471
-0.5359145494569827 -0.555771509287824 -0.0010540582048285914
-0.5134745977616845 -0.5557953130231839 -0.0010541014579962954
-0.4910345680975159 -0.5558191714183085 -0.0010541885021284536
-0.46859452265142226 -0.5558429104855596 -0.0010541858686102864
-0.4461545641688195 -0.5558666172180132 -0.001054054438157049
-0.42371460054892457 -0.5558903346375392 -0.001054008699091998
-0.40875459105870054 -0.5559062234354367 -0.001054089434056717
-0.38631454556392436 -0.555930081463065 -0.0010541913422150559
-0.3638745912015888 -0.5559538141544298 -0.0010541265471723747
-0.3414346115467924 -0.5559775160189885 -0.001053989928343776
-0.3189945690139061 -0.5560012360730329 -0.0010540097018738896
-0.2965546073586335 -0.5560250906322205 -0.001054095350696063
-0.2741146147899445 -0.5560489031398935 -0.001054117631490907
-0.25167460979349154 -0.5560726167051249 -0.0010540755654019896
-0.22923464045587463 -0.5560963130068379 -0.0010539500584381015
-0.20679461223720969 -0.5561200830891659 -0.0010539991334151614
-0.1843546218188743 -0.5561439480256875 -0.0010541126042827615
-0.16191466141484 -0.5561677037499385 -0.001054056994706383
-0.13947462714178785 -0.556191406033111 -0.0010539635840628842
-0.11703465448868362 -0.556215120359186 -0.0010539387597499718
-0.09459470290841697 -0.5562389436091563 -0.0010539927450937923
-0.07215468243311085 -0.556262778943745 -0.001054063706847531
-0.049714643086784964 -0.5562865012851985 -0.0010540399971315404
-0.03475466168253043 -0.5563023041213353 -0.0010539360305290258
-0.012314717869471813 -0.5563260118033835 -0.0010538924336453515
0.010125277106730534 -0.5563498409828502 -0.0010539842649096066
0.03256532707549286 -0.5563736727569651 -0.0010540449835004897
0.05500529375101172 -0.5563973901739068 -0.0010539748602972868
0.07744526730940036 -0.5564210924932339 -0.0010538478319700223
0.09988531058946937 -0.5564448266548463 -0.0010538857005841177
0.1223252791437427 -0.5564686947899811 -0.0010539853171538237
0.14476526358765301 -0.556492472937718 -0.0010539772502905663
0.1672052800347705 -0.5565161807233877 -0.0010539230126251572
0.18964524564977478 -0.5565398785301618 -0.0010538193102373299
0.21208526565791566 -0.5565636718158931 -0.001053893433842348
0.23452526487076947 -0.5565875225687607 -0.0010539999923830487
0.2569652244202624 -0.5566112565307304 -0.001053917229931379
0.2794052540942802 -0.5566349577866507 -0.0010538230590523188
0.3018452266039018 -0.5566586834270915 -0.0010538126473303622
0.324285221359575 -0.556682517244857 -0.0010538916550482781
0.339245245366317 -0.5566984029221844 -0.0010539417005532461
0.36168519884085365 -0.5567221418526087 -0.001053892221888357
0.3841251875719368 -0.5567458437634658 -0.0010537772345514142
0.4065652145210208 -0.5567695644393201 -0.0010538152685809223
0.42900517992841114 -0.5567933988770652 -0.0010538741715790992
0.4514451805633273 -0.5568172100679477 -0.0010538996289173386
0.473885194176074 -0.5568409128343635 -0.0010538523675068412
0.49632515858188303 -0.5568646178667669 -0.0010537206919926587
0.5187651940806731 -0.5568883721487253 -0.001053781062479931
0.5412051532092973 -0.5569122377985333 -0.0010538713777529724
0.5636451303298194 -0.5569359885160597 -0.0010538397301131383
0.586085173046989 -0.5569596910885134 -0.0010537569022948956
0.6085251498659148 -0.5569833954030309 -0.001053718296172325
0.6309651086076309 -0.5570072059197106 -0.0010537713927489909
0.6534051366940048 -0.5570310422905813 -0.0010538401561515122
0.6758451469743575 -0.5570547571055697 -0.0010538124551601196
0.6908050979163862 -0.5570705639189583 -0.0010537258560951496
0.7132450869287691 -0.5570942711374941 -0.0010536828602272146
0.7356851367422873 -0.5571180874675418 -0.0010537663801783491
0.7581251067682008 -0.5571419137789184 -0.0010538203891343196
0.7805650542495787 -0.5571656284974689 -0.0010537339279589827
0.8030050899668609 -0.5571893271729168 -0.0010536517497339727
0.8254450946271162 -0.5572130676270396 -0.0010537001006731854
0.8478850433673408 -0.5572369086779857 -0.0010537666595859404
0.8703186333199392 -0.5572429093785128 0.002408065281981403
0.8927427875184236 -0.557116107007257 0.010674517521146103
0.9151610578070494 -0.5567612523707458 0.02064668756520925
0.9375622795621525 -0.5561290902112134 0.03637432018413036
0.9599397213786144 -0.5551019731428289 0.056917649111819756
0.9822923439237998 -0.5536152142001665 0.07695056254369383
1.0046095130755117 -0.5516724701962724 0.09717135664459992
1.0268822229402779 -0.549275729148066 0.11755156329609379
1.0491014783697463 -0.5464261687292944 0.13796445622899733
1.0712581113839783 -0.5431242181232929 0.15836334812345856
1.08598992479188 -0.5406721449270612 0.17195223753077246
1.1080218404343363 -0.5366195932540301 0.19233717650956503
1.129966501400529 -0.5321188961821204 0.21272457589523888
1.1518148453529553 -0.5271715738847761 0.23311229553313123
1.173557878146543 -0.5217796744643971 0.253499277484978
1.1951864634940437 -0.5159453550041692 0.27388512852459995
1.2166915306351689 -0.509671292151364 0.2942704110199538
1.2380641389495493 -0.5029600169977044 0.3146572644362242
1.2592954455201806 -0.49581379423686706 0.3350437296673132
1.280376650566724 -0.48823629914355643 0.3554301870098096
1.3012989371322434 -0.48023057072392067 0.37581495218955707
1.3220535883846003 -0.4717996861841882 0.396199973833995
1.3426319824898805 -0.46294739936793894 0.4165867471931444
1.3630256199650257 -0.45367738231050164 0.436972984450322
1.3832259666329292 -0.4439934050283522 0.4573579371729402
1.4031923402824082 -0.4338586378293713 0.48312528116179204
1.4163434569497806 -0.4268064280100433 0.5030651460289941
1.4357840964070046 -0.41571741577678284 0.5343385703167769
1.4548186051063625 -0.4039673130204013 0.5716235673311592
1.473365375321556 -0.3914767823960234 0.6132561425532816
1.4913897521375705 -0.3782413669274029 0.6542585361203667
1.5088596241491847 -0.36428122481466235 0.6949793099318089
1.5257457838218969 -0.34962043837743034 0.7356930167848802
1.5420207118197973 -0.334284193301356 0.7764505385729368
1.5576570886179648 -0.31829711838295627 0.8172276788501105
1.572628951817038 -0.30168595400820125 0.8580053850746101
1.5869111809006116 -0.2844782033322711 0.8987794004007926
1.600480440998149 -0.26670276049436265 0.9395514320041027
1.613313986210409 -0.24838884286227716 0.9803241303882787
1.625389706800925 -0.22956639502658172 1.0210962375383557
1.6366883650947754 -0.21026768256232192 1.061870075564422
1.6471906921567403 -0.19052404342759785 1.1026425981950112
1.65687955099777 -0.17036865670707843 1.1434154581195612
1.6628785286446504 -0.15671938381775377 1.1705975489203466
1.6711757260985483 -0.13595219562966515 1.211368300262973
1.6786196725516405 -0.11486411634961481 1.2521411854589055
1.6851977374258045 -0.09349004363320815 1.2929132176366434
1.690898470429562 -0.07186539622683562 1.3336863128087464
1.69571315757321 -0.05002649747997079 1.3744584105233024
1.6996338179477393 -0.028009387464084275 1.4152279712214677
1.702656040269632 -0.005849323223748535 1.4550842581182089
1.7048663210300914 0.016417368031472538 1.489303209791811
1.7063712075314272 0.038751148731127914 1.5191137802341648
1.7071910878618526 0.06111921714169473 1.5494683428524578
1.7073273699773925 0.08350140640478394 1.5800921500942975
1.7067800625475542 0.10587743227532141 1.6107269153874468
1.7055480027906378 0.12822645097742116 1.6413202301957472
1.7036336934361667 0.15052719013048638 1.6718948663502449
1.7010384117649815 0.17275882206520288 1.7024678315897606
1.697764366273494 0.19490065543973678 1.733045611462944
1.6938152137404512 0.2169321108585674 1.7636252826808854
1.6908089281891239 0.23154824752146294 1.7840123285553553
1.685790041381305 0.253371598167006 1.809205749656653
1.680266736198284 0.27508212328920884 1.8295284634716242
1.674306134933791 0.29667544470095447 1.8502823103282722
1.6679074496188964 0.31814345713340664 1.8708249116172957
1.6610721835873918 0.33947704779594046 1.8912100628941737
1.6538030906471954 0.3606669698790404 1.9115677206672164
1.6461036680717753 0.3817041079630179 1.931941809289577
1.6379766951878756 0.4025795905712935 1.9523284748751646
1.6294263144902381 0.4232850769638218 1.9727159347363985
1.6204542275399803 0.4438096556947389 1.9940181318949937
1.6109855968485223 0.46409802391906113 2.020962563173404
1.6009134426728757 0.4840769081257052 2.0557717641788638
1.5901244108268255 0.503668351182586 2.0948351450747547
1.5785090712145013 0.522765577184733 2.140724902074548
1.565993097204916 0.5412726884433604 2.1918462135674552
1.5525129384514997 0.559075390509775 2.248831901861383
1.542946326834058 0.5704752134887787 2.2899586627974644
1.5277446342070908 0.5868216130962612 2.351044400017793
1.5115729000935645 0.6022090433320378 2.4121555230964025
1.4944908479710226 0.6165796813997012 2.473308583497635
1.4765621282320407 0.6298795836115111 2.5344712178239055
1.457854484625696 0.6420596434317105 2.5956332874810437
1.438437083240232 0.6530734182645429 2.656796275860805
1.4183824286309372 0.6628792368738058 2.7179577749863877
1.3978282974103726 0.6714395629411526 2.779524760400818
1.376923311114078 0.678634465102939 2.8435570255325815
1.355443215874856 0.684519182801196 2.905471933686768
1.333594206510702 0.6890840673804265 2.9667367869760604
1.3116112703934673 0.6922854042166141 3.0291028255397747
1.2894367570005736 0.694094883499432 3.091398867150808
1.267115904148763 0.6945431235897098 -3.130569491549697
1.2447977612593537 0.6936770705733105 -3.074843453071288
1.2225494708121782 0.6916142905370694 -3.0239477954392977
1.2078155282410517 0.6896292049239655 -2.992324233542291
1.185838060649472 0.6858211506142894 -2.948948949163116
1.1639767426103136 0.6811036019864051 -2.9081261393403834
1.142327818671328 0.6754980691778951 -2.867463982584521
1.1209329418801635 0.6690148754334755 -2.8266537043585886
1.0998189016452047 0.6616585913155014 -2.785801851762576
1.0790041415388816 0.6534609823627845 -2.7484433545802602
1.0584796242350822 0.6445400140919131 -2.7159117312036525
1.038204085006447 0.6350363786700887 -2.690476620877423
1.0181456136089777 0.6250610815823975 -2.670293639008682
0.9982941200056897 0.6146815712208122 -2.649615830005538
0.9786574947980677 0.6038995724044757 -2.6290615479377264
0.9592444182118228 0.5927192124702982 -2.6086447313322494
0.9400638682847755 0.581144842560019 -2.58826089494591
0.9211238060049148 0.5691815863183451 -2.5678640485849678
0.9024319732353289 0.5568340880927843 -2.5474575754095463
0.8840336478093009 0.5440714560973381 -2.521656074263064
0.8719668841261433 0.5352917305915474 -2.501696771305213
0.854217236364224 0.521654848070766 -2.4713281097902517
0.8368921773432298 0.5074832123960716 -2.4405818211589767
0.8200498303261925 0.4927568867567546 -2.404499825180659
0.8037873799186718 0.47740652159443636 -2.363627470461794
0.7881665190661858 0.4614021483277354 -2.3232026270519803
0.7732126268133435 0.4447729757251647 -2.2825661039272074
0.7589492234072601 0.42754853037117035 -2.2417714510449804
0.7454002521856814 0.40975657459017545 -2.200946717436551
0.7325881124917073 0.3914268009834626 -2.160139042155786
0.7205351083485776 0.3725895176809404 -2.119338967632897
0.7092602500440734 0.35327689268502116 -2.0785405393359566
0.6987822647082379 0.33352000757715466 -2.03774514456452
0.6891187692999792 0.3133516761553678 -1.9969498134797328
0.680285391420505 0.29280649135293546 -1.9561516791001845
0.6722975735688184 0.2719182262177539 -1.9153525118374877
0.6651685483121355 0.2507213372416841 -1.8745553193143871
0.6608987962161053 0.2364360390536949 -1.8473551618739907
0.655226722878249 0.21480359631483462 -1.806558013883248
0.6503893712837894 0.19295883554390125 -1.77115524092639
0.6462775356945133 0.1709548864852266 -1.7415436521526533
0.6427428152411914 0.1488408880300507 -1.7171278652434805
0.6396635391622439 0.12664353178599777 -1.7008095256474125
0.6369060880563431 0.10439594199888606 -1.6889005166632203
0.6343755921508503 0.08211868024097374 -1.6784474527040905
0.6320737633178077 0.059815940139087004 -1.6683586431038064
0.6300008859440199 0.037490497289749514 -1.6582476559813035
0.6281560913095677 0.015145124576026103 -1.6480649327797106
0.6265394999417008 -0.007217770498803887 -1.6378585380084703
0.6251513017789068 -0.02959576904079677 -1.6276550127132872
0.6239916148989385 -0.05198681527397295 -1.617455570326693
0.6230604360175304 -0.07438849813168485 -1.6072574898477014
0.6223580069321604 -0.09679859661680737 -1.5970597624468528
0.6218839624417466 -0.11921470400100286 -1.5868617811723438
0.6216949391159108 -0.1341609740162321 -1.5800629137558198
0.6216019470322184 -0.15658184904644432 -1.5698646162934
0.6217374646238911 -0.17900237940630148 -1.5596658863692319
0.6220838640498315 -0.20142709264960634 -1.552931328439386
0.622526273793301 -0.22385916578033666 -1.5510035516015273
0.622951064010836 -0.24630108241292423 -1.5542474095800547
0.6232448774217763 -0.26875470603148854 -1.5626700552819188
0.6233109077704652 -0.291213264597324 -1.572749698132454
0.6231497497697402 -0.31367191556703566 -1.583116481299296
0.6227604978716834 -0.336127652842023 -1.5934037595605548
0.622142365529146 -0.35857817075117204 -1.6036119476018402
0.6212952057499693 -0.38102124359793615 -1.61380180277515
0.6202192389262068 -0.40345444868078595 -1.623997730058233
0.6189145806678749 -0.4258755510988708 -1.6341986696379014
0.6173812541721675 -0.44828224251396187 -1.6444005743343555
0.6156194353759106 -0.4706721806831114 -1.6546026090151007
0.6143178712342677 -0.4855883453178237 -1.6614033002505173
0.612175409592399 -0.5079450540986281 -1.6716047321015033
0.6098047348783364 -0.5302787603267849 -1.6818052943879749
0.6072063423759235 -0.5525871404632707 -1.692006001488849
0.604380184227208 -0.5748679025149488 -1.7022069775798778
0.6013789476791264 -0.597115843631283 -1.707021111484824
0.598318964431228 -0.6193462300252135 -1.7069635309271591
0.5952623097854577 -0.6415773990801766 -1.7073300321425375
0.5922064475915629 -0.663808474996428 -1.7074835183426467
0.5891499658248248 -0.6860393612322657 -1.7074824244144322
0.5860928898812305 -0.7082702075628883 -1.707455792769016
0.5830353704714021 -0.7305009587360115 -1.707445063702182
0.5799776150519372 -0.7527315909669924 -1.7074448036273393
0.5769196662457522 -0.7749622249781409 -1.707445777813751
0.5738615330719555 -0.7971929208639861 -1.7074456182016482
0.5708033193959978 -0.8194235882390519 -1.7074446395565925
0.5677450653950205 -0.8416541756931453 -1.7074435973145277
0.5657062186383824 -0.8564745912769584 -1.7074429537041325
0.5626479545515299 -0.878705257828529 -1.707442120783011
0.5595897463172165 -0.9009358647151648 -1.7074412831525807
0.5565315931661007 -0.9231665174318624 -1.707440475990747
0.5534735344738075 -0.9453971762848906 -1.7074397032697393
0.5504156158148602 -0.9676278210399338 -1.7074390266482116
0.5473055496423072 -0.9898614469657107 -1.7128263477782466
0.5440250687944322 -1.0120814394430464 -1.7240000043686474
0.5404203684974612 -1.0342609808979812 -1.740395268864564
0.536385667288348 -1.0563751004258355 -1.7614081169322875
0.5319026949938734 -1.0784019220059688 -1.7820242045508927
0.5269714024539484 -1.1003322754725797 -1.8024083393886294
0.5215937501890201 -1.1221575023736958 -1.8227657838450897
0.5157724863009485 -1.1438686648507084 -1.8431517297633038
0.50951002939186 -1.1654567409261318 -1.8635546573369095
0.5028084982887475 -1.1869127946519396 -1.8839584176340498
0.4956709823277083 -1.2082277494451088 -1.9043608811726913
0.490671892721862 -1.2223549648800844 -1.917960380478436
0.4828139679200581 -1.2434151284166415 -1.9383608552943503
0.474528030988459 -1.2643106920262783 -1.958761842865399
0.46581750753986867 -1.2850328454230857 -1.9791634313467887
0.4566859326674253 -1.3055730463724904 -1.9995635125560387
0.44713709190208195 -1.3259226432952615 -2.019964077981775
0.4371750527237095 -1.3460732412280947 -2.0403651348948606
0.42680354144879973 -1.3660163321269945 -2.0607651847843997
0.4160274646827752 -1.3857436732407555 -2.0811655905884203
0.40485104985935 -1.4052470462451343 -2.101565393613121
0.3932789538464335 -1.4245183432022825 -2.121965706117012
0.3813159307324199 -1.4435494265921318 -2.142365827389882
0.3689668875827083 -1.4623324443470311 -2.1627653315789415
0.3562372377575196 -1.4808596228483963 -2.1831642840109944
0.34313221548066464 -1.4991231441664488 -2.203563723549373
0.32965711141889875 -1.5171154292337021 -2.223964748487414
0.3158177992996351 -1.534829181361199 -2.2443638386032023
0.3016198477679704 -1.5522567733350827 -2.26476290017319
0.2919585738144407 -1.5637128130820992 -2.2783619009860434
0.2771765131206883 -1.5806476466441408 -2.2987611158615753
0.26205197517572426 -1.5972774475781335 -2.319161385029136
0.2465912665115679 -1.6135952246198508 -2.339560761032076
0.23080092158854965 -1.629594177527947 -2.359959639036712
0.21468764751951103 -1.6452677602548043 -2.380358838862025
0.19825808465666736 -1.6606094642238667 -2.4007586715171683
0.18151886405678866 -1.6756127810139763 -2.4211576497519074
0.16447709525890145 -1.6902714702030746 -2.441556601069275
0.14713996416320899 -1.7045795835659212 -2.461956552045044
0.1295144178744362 -1.7185310068871906 -2.482355676278578
0.11160821161368613 -1.7321201911707267 -2.502754908193855
0.09342845335584972 -1.7453411423819967 -2.5231537325294515
0.07498288432647968 -1.7581885779274407 -2.5435540154081275
0.05627894073477856 -1.7706570069790177 -2.563952986577325
0.03732466703803863 -1.7827414008717155 -2.5843528295770426
0.01812788696400269 -1.7944366626656352 -2.604751904516547
0.00519924044841077 -1.8020150150708698 -2.6183508245192173
-0.014383876011316578 -1.8130511837476797 -2.63875101778244
-0.034202134885202254 -1.8236726461786708 -2.6626162411842995
-0.05431943134088642 -1.8337444076040676 -2.693208645423864
-0.07473913824114982 -1.8431938715032814 -2.7245686688804165
-0.09548424265174858 -1.8519315324905654 -2.7616714373999476
-0.116566743834997 -1.8598413014207067 -2.803240766438882
-0.13796463603212367 -1.8668704265230156 -2.8477297325768722
-0.1596762653895218 -1.8728948440313113 -2.8967604718925055
-0.18166999112354312 -1.8778061671312865 -2.9474852908697664
-0.2038855634484091 -1.881591915998464 -2.9986187943698708
-0.22626504053442406 -1.8842411730813187 -3.049716967056216
-0.24875022475322975 -1.8857468825236872 -3.1007292683994168
-0.2712831385942961 -1.88610421867717 3.1314708316708133
-0.29380496854393556 -1.8853128019333634 3.080481705531832
-0.31612274760360204 -1.8833777268296432 3.0279637244235693
-0.3309015059928005 -1.8814174165047994 2.99202712740591
-0.35308768852742284 -1.8775015830048496 2.9412306251777203
-0.3750508909840416 -1.8724610838129987 2.89023853664269
-0.3966882517650738 -1.8663094680179255 2.83869179582984
-0.4180214449142414 -1.8590447846354692 2.787793421075783
-0.4389586114660621 -1.850704030796133 2.7367640940725644
-0.45944346401816566 -1.8413085429081213 2.685746238911201
-0.4794221081064756 -1.8308817119034324 2.634754964511417
-0.4988431927434771 -1.8194505671866756 2.583770316479535
-0.5176571903605209 -1.8070444810356323 2.5327876939937806
-0.5358154092625305 -1.7936955038964975 2.4818033871976133
-0.553270230031536 -1.7794387478789713 2.430819426849317
-0.5699754219588314 -1.7643115282349644 2.379829472286266
-0.5858614344060856 -1.7483809404197377 2.328298529188859
-0.6009292242718706 -1.7316222915038062 2.2773944789618272
-0.6151236231726539 -1.7141185258851197 2.2263806070269165
-0.6284078801926017 -1.6959145736578896 2.17535710142289
-0.6407470337787904 -1.6770554007134102 2.12437084844647
-0.6484327503500565 -1.664144048052934 2.0903816414201484
-0.6591270161345832 -1.6443067143606314 2.0393887411812597
-0.668796753481528 -1.6239510547989042 1.9883913458097924
-0.6774100666219095 -1.6031512475947312 1.936996551109625
-0.6849502953964506 -1.5819129544886865 1.8861113699250793
-0.6913975876624242 -1.560318894259133 1.8351301203781913
-0.6967347463381068 -1.5384431466799802 1.7839201156052447
-0.7009380168304472 -1.5163227564496566 1.7326455743930744
-0.7040085980881057 -1.4939962806669784 1.6816138553315425
-0.7059374005259486 -1.471543293728197 1.6306295757785148
-0.7067195562989284 -1.4490255658301725 1.5796232088964628
-0.7063504120549614 -1.4264923209852314 1.5286110041008025
-0.7048333241652808 -1.4040071133628982 1.4775939228027772
-0.70217240746797 -1.3816292910139831 1.4265892342837136
-0.6983917814937344 -1.3594235422436363 1.378996125286322
-0.6936150832909206 -1.3374146290987776 1.336309363697216
-0.6879985238153311 -1.3156185799317832 1.3006698463511361
-0.6838429095315728 -1.3012066482916647 1.2801690678758868
-0.6770717672413004 -1.2797522115281394 1.2492847463294414
-0.6696453048417635 -1.258514926176762 1.2187781820733372
-0.6615716088331645 -1.2375146350966852 1.1882671198979338
-0.6528593901779847 -1.2167713486668763 1.1576841979338506
-0.6435355649783923 -1.1963028682385408 1.1305490400907305
-0.6337141024428833 -1.1760789631962005 1.1082141067899756
-0.62353369330572 -1.1560479807612851 1.092967573028498
-0.613101531196275 -1.1361611942236542 1.0838980895953996
-0.6025570229042516 -1.1163451710330583 1.0799835711204333
-0.5919986011658299 -1.0965481202318585 1.081511895533292
-0.581525808240549 -1.0767168204921953 1.088274699991584
-0.5712376455391938 -1.0567970411691416 1.0992294806185932
-0.5611517016323766 -1.0367736996355745 1.1096055176785342
-0.5512705836530892 -1.0166483124748646 1.1197521031445508
-0.5416456459658752 -0.9964101310962253 1.1352899141077026
-0.5354214778909131 -0.9828347964001812 1.1484349264813867
-0.5264440471911186 -0.9623118394587975 1.1686260429714994
-0.5178853829661356 -0.9416113389957499 1.1891787652588461
-0.5097495952245418 -0.920740525175597 1.2096779713269907
-0.5020407354645712 -0.8997077920446374 1.2300940893286176
-0.49476272297826457 -0.8785219723105849 1.250486397284169
-0.4879181708231332 -0.8571921627379028 1.270883011175264
-0.4815103386228969 -0.8357271664938549 1.2912861116856929
-0.4755422604928533 -0.8141356453735942 1.311691353938229
-0.4700158084843641 -0.7924265787607029 1.3320941070430692
-0.46493384206124705 -0.7706089721187759 1.3524959824417815
-0.4602981591042425 -0.748692236719772 1.3728978771563172
-0.4561113083105475 -0.7266853224572563 1.3933016051256972
-0.45237462869584183 -0.7045974468589115 1.413703125234706
-0.44908962815436465 -0.6824377050560257 1.4341041460263824
-0.4462577511514152 -0.6602153963460061 1.4545045787973114
-0.44388012795906473 -0.6379399735087621 1.4749055464447325
-0.4419581452077808 -0.6156206209891231 1.4953079222237575
-0.4409300071178992 -0.6007212376534817 1.5089077703180058
-0.4397682665438322 -0.5783493038599242 1.5293073172704592
-0.4390633573996693 -0.5559583650511856 1.5497069287463867
-0.4388155432069652 -0.5335576347140902 1.5701077590237003
-0.439025168369494 -0.5111565282349345 1.5905077784574402
-0.43969186468557797 -0.48876432473045617 1.6109080135888796
-0.44081507017426474 -0.46639049561471646 1.6313069632301194
-0.44239465199293315 -0.4440441929326448 1.6517060190156585
-0.44441283351938043 -0.42172663308147096 1.6686432313640327
-0.4467551236035057 -0.39943163729815456 1.6807715547698339
-0.44927525519429096 -0.3771427794948958 1.6858018924480727
-0.4518568142728533 -0.35484981285341133 1.6846761183318335
-0.4543433504245224 -0.33253657953137217 1.6783813555656422
-0.4566266832981421 -0.3101932483952425 1.667551946172949
-0.45863314608911154 -0.28781415233198454 1.6517571302517755
-0.46024376855361615 -0.2653944558301049 1.6313207363706244
-0.4610603878329281 -0.2504331580774165 1.61853171532025
-0.46190355522143106 -0.22797142308666787 1.5979559753587576
-0.4622894902670693 -0.20549722808971474 1.5774448424877165
-0.4622171732079572 -0.1830196160968233 1.5570287733968984
-0.46168863708138963 -0.16054969391589988 1.5375540706098758
-0.4607965879950885 -0.1381017143779299 1.5237219232577681
-0.4596536890214978 -0.11567484642131465 1.5152037062777144
-0.4583748243989645 -0.09326500643661963 1.5117798300974667
-0.45707240319934195 -0.07086381592270728 1.51250199929063
-0.4557688021851335 -0.04846180122016403 1.5126608725557023
-0.45446506907715906 -0.026059692868294432 1.512602191992957
-0.4531610901610941 -0.0036576436754912787 1.5125521087490175
-0.45185638663757666 0.018744389539178317 1.5125419651177725
-0.4505508863854374 0.04114642866674386 1.5125460827837156
-0.44924480859064536 0.06354848104150217 1.5125497084314474
-0.44794044708300573 0.08594824298827942 1.513466473307994
-0.44672980095511783 0.10834288495235846 1.5200320895452917
-0.44603197039336573 0.12327212878619957 1.528196164533663
-0.44517708111293275 0.14567666151800696 1.5380303574302663
-0.44455144074685304 0.16808860706551265 1.5480783168077
-0.4441538413818512 0.19050564791093813 1.5582811317505327
-0.44398456245266965 0.21292561175845712 1.5685092727358578
-0.444043686299882 0.23534621274559067 1.5787208492940876
-0.4443312486856265 0.257764959321998 1.5889219603807132
-0.44484750231937603 0.28017962431215776 1.5991219276937616
-0.44559237089352 0.3025879035554193 1.6093232617924484
-0.4465659131330405 0.3249874529998184 1.6195249436813932
-0.44776808201381046 0.3473760071772066 1.6297263174135272
-0.4491986117366033 0.3697511558284901 1.63992728952535
-0.4508575032563471 0.3921105795019732 1.6501286399996866
-0.45274465107256023 0.41445192057481156 1.6603296941095755
-0.4548599031958443 0.43677273539442946 1.670531241982575
-0.4572027830808669 0.45907082923946296 1.680731529554872
-0.4597732793622775 0.48134387687239905 1.6909321226143652
-0.4616131201849035 0.49617753367511735 1.6977326108868003
-0.4645622217464289 0.5184036961461148 1.7079332402462286
-0.46773815935150803 0.5405984931389979 1.718133784575996
-0.4711403280664667 0.5627597447215072 1.7283336189887086
-0.4747686121261697 0.5848851349977969 1.7385337561699785
-0.47862243083582645 0.6069724155450894 1.7487339837777018
-0.48270158026030696 0.6290192276753527 1.7589339550952545
-0.4869569611943814 0.651042898472258 1.7637463834615108
-0.4912573840899271 0.6730735536743723 1.760221990668981
-0.49542500153280544 0.6951379183116352 1.7523187475354176
-0.4993677245069311 0.7172473198333703 1.7424936103070559
-0.5030871629197848 0.7393963235466424 1.7321397388426683
-0.5065819494472882 0.7615818849130717 1.721814741313751
-0.5098507377394267 0.7838017659492896 1.7115896256282397
-0.5128930077015541 0.8060537708991 1.7013994176886031
-0.5157081584888168 0.8283355404384248 1.6912057309374273
-0.5182961331271065 0.8506448529396994 1.6810055614774502
-0.5198949490375295 0.8655319738357681 1.6742024128940982
-0.5221035178666633 0.8878821530151652 1.6640012090716156
-0.5240839209439743 0.9102537437683942 1.6537999129424665
-0.5258358397301078 0.9326444247063648 1.6435981784063893
-0.5273590993355528 0.9550518583356018 1.6333966648746525
-0.5286536507164501 0.9774737585382165 1.6231954374769768
-0.5297192347525536 0.9999077127504136 1.612994624821147
-0.5305557258122379 1.0223512505866714 1.6027931984842305
-0.5312140570103803 1.0447910113405403 1.597978602519938
-0.5318114466943329 1.0672231427036754 1.598036276887206
-0.5324298158388183 1.0896485903607849 1.6011335048946855
-0.5331815134940786 1.1120602257300343 1.60925050915829
-0.5341604993567454 1.1344595358254226 1.619233177711833
-0.5353653481791173 1.156847501032626 1.6296116519336425
-0.5367970900821963 1.1792221995213976 1.639918793786533
-0.538456323212046 1.201581205156755 1.65013231498008
-0.5403433793572425 1.2239222278319524 1.6603210430887094
-0.5424578930373481 1.246242941055159 1.670515646295013
-0.5439939124992564 1.2611109494424348 1.677316811436937
-0.5464872871652597 1.2833924747158985 1.6875192013730491
-0.5492242890092993 1.3056388363275515 1.7011835633944543
-0.5523184290731883 1.3278291270913813 1.7196558452914013
-0.555863783091941 1.349948464193147 1.7398381765950808
-0.5598594734967338 1.371988487864682 1.7613062092901905
-0.5643924814491921 1.3939132945771362 1.7883678612998795
-0.5695685807171937 1.415686643907302 1.819751404756656
-0.575407899758435 1.4372929817778044 1.8505582048657019
-0.5819059236879988 1.4587110664460732 1.8811090236851788
-0.5890569667799346 1.4799201899166317 1.9116549756720758
-0.5968532060064957 1.5009005677868812 1.9422437873557459
-0.6052878768396299 1.5216326509899334 1.9728505666440777
-0.6143528991504991 1.5420971674419843 2.0034537302638835
-0.6240399770969381 1.5622747457956419 2.034054965480587
-0.6343399925670554 1.5821464208237277 2.0646568115523234
-0.6452437006800646 1.6016935323495 2.0952573580700995
-0.6528428448360909 1.6145357078509652 2.115657288085649
-0.6647291091034343 1.6335015900291414 2.1462565640356552
-0.6771900547068181 1.6520948842682366 2.176856212119454
-0.6902145283471396 1.6702979527649093 2.2074577000392037
-0.703790197495229 1.6880938148348772 2.2380593359840364
-0.7179039060634194 1.7054656356707976 2.268672356266836
-0.732544251847535 1.7223971696256202 2.2992608469633202
-0.7476955121935512 1.7388692705381126 2.3307793478402954
-0.7634025898695903 1.7547962284352043 2.367945128938095
-0.7797241119120768 1.770081538569489 2.4095109230047513
-0.7966563165332344 1.7846910594887326 2.450521050851551
-0.8141709883571231 1.7985979597802477 2.491275209411539
-0.8322377806866778 1.8117782989343119 2.532021536227605
-0.8508260992663671 1.8242105962998478 2.5728087647563154
-0.8698995016091811 1.8358732575399606 2.613653409044111
-0.8894368502184165 1.8467456805875666 2.6545473133657094
-0.9094070815704247 1.8568121699255375 2.695373142952118
-0.9229406997803602 1.8630672412822038 2.722562152710447
-0.9435452139393753 1.8717537124802428 2.7633706961191717
-0.9644746082383902 1.8795860654104013 2.804467124013298
-0.9857241324098981 1.88655868456338 2.8452274078434714
-1.0072395138135841 1.8926584562424864 2.8860064278448045
-1.028985089374241 1.8978761717939998 2.9268129452339946
-1.0509041763632971 1.9021977428318484 2.967973459985408
-1.0730057697799604 1.9056185773496985 3.0086993267021307
-1.095222531374656 1.9081168951412593 3.052958824950542
-1.1175154420258784 1.9095743391081326 3.1020692003497916
-1.1398139966579244 1.909881133505776 -3.129593221355942
-1.1621430818447307 1.9090490244250589 -3.078509889956464
-1.1843999879512919 1.9070804731073243 -3.027477747861641
-1.2064893176952705 1.9039813979825604 -2.976079379691962
-1.2283994726954568 1.8997399239961514 -2.924673512467187
-1.2500922387405615 1.8943840658504074 -2.873657450818421
-1.264389736778132 1.8902024623014908 -2.8396958955328016
-1.2855188397504431 1.8830284581543433 -2.7883485972735493
-1.3062720417694353 1.8747707962888078 -2.737275881950979
-1.3265866828008546 1.8654661828491839 -2.686224552485217
-1.3464000803501113 1.8551389762445694 -2.63521741445567
-1.3656555151440073 1.8438177536593707 -2.5841909356575647
-1.384306934666843 1.8315250265667267 -2.5331039917650777
-1.4023136893792918 1.8182954718627484 -2.4820757100419764
-1.4196221219137632 1.8041661899521875 -2.431078285707749
-1.4361678943976055 1.7891898487697941 -2.37972935536488
-1.4519421373121286 1.7733644479935715 -2.328805416628316
-1.4668892383748897 1.7567567049030834 -2.2777925970143613
-1.4809705234834916 1.7394108665854633 -2.226766341076694
-1.4941343759102206 1.7213891607690595 -2.1753493566041846
-1.5063728303007329 1.702691666622359 -2.125347696017871
-1.5177281320983647 1.6834338991318858 -2.0809221740978874
-1.5282676060263587 1.6637182713091418 -2.0408269755901602
-1.5379810675740069 1.6435949318920349 -1.9999271336591458
-1.5440021612212418 1.6299554293674434 -1.9726173285447126
-1.5523330962938835 1.6092023771795165 -1.9318202388726256
-1.55981024789097 1.5881266264743037 -1.8910280515666351
-1.566421059733601 1.5667615586273584 -1.8502419766900564
-1.5721560196864974 1.545145597228213 -1.8094402176709057
-1.5770046525717938 1.5233143365205981 -1.7686318852799658
-1.5809582967323965 1.5013029323075753 -1.7278279272577788
-1.5840107093041964 1.4791477767618675 -1.6870354677503974
-1.5861570185926792 1.456887228308194 -1.64623121051876
-1.5873937626118209 1.4345583600909022 -1.605423358949715
-1.587717922586821 1.4121970568188729 -1.5646230841375737
-1.5871297611048474 1.38984065572851 -1.5238250598570735
-1.5856311005624824 1.3675272889363195 -1.483022863716151
-1.583223427218408 1.3452937914463199 -1.4422166831925065
-1.5799100541115505 1.3231766775715026 -1.4014166042325817
-1.575697524077473 1.3012132019240779 -1.3606166190786826
-1.5705931451471453 1.2794399884675731 -1.3198136358832597
-1.5666984877290802 1.265048035155272 -1.2926127198429547
-1.5601257574756258 1.2436719350098737 -1.251810785828727
-1.552687848161546 1.222579592498477 -1.2119254490560016
-1.5444794067599419 1.2017634410179079 -1.1776833958560826
-1.5356259042041633 1.181196983017504 -1.1513294865881643
-1.5262643094202755 1.1608462246246363 -1.130140552898353
-1.5165686778098892 1.1406381158317762 -1.1160145477261412
-1.5066407950054226 1.1205334273578706 -1.1066708424367697
-1.4965063683527202 1.1005332064563755 -1.0967814996894953
-1.4862098412153935 1.0806048194509708 -1.0919453987046737
-1.4758559021664672 1.0606958328400728 -1.0919456556451084
-1.4655055072770429 1.0407861654834234 -1.0915623283658864
-1.4551556807105765 1.0208761469016663 -1.0914105986319231
-1.4448050930990501 1.0009661669200807 -1.0914166162460353
-1.4344537908150954 0.9810561092381107 -1.0914463482972891
-1.4241021092129864 0.9611461093145429 -1.0914586138824163
-1.417200935865668 0.947872892813068 -1.0914564554566633
-1.4068492173483051 0.9279632791243865 -1.0914578082539066
-1.3964975229132464 0.9080537730040633 -1.0914608801180692
-1.3861049791944542 0.8881769026118872 -1.0860771056997267
-1.3755678274799037 0.8683863973726225 -1.0758189729631862
-1.3648133551452095 0.8487194415167815 -1.0625185252145386
-1.3537473939074738 0.8292373670601332 -1.0442003442186645
-1.3422891142898765 0.809987910887183 -1.0240212996646585
-1.3304431262345602 0.7909754921148445 -1.0034450834124637
-1.3181758907763816 0.7722443635223293 -0.9775512202645604
-1.3053963799936608 0.753870004174452 -0.9468753483876051
-1.2920573963787279 0.7358964965490699 -0.9166484939223192
-1.278174699886168 0.7183401661203407 -0.8862078324229666
-1.2637619415981747 0.7012167390627705 -0.8556071985559326
-1.2488330946798267 0.6845415917856746 -0.8249776181705352
-1.233400965498449 0.6683308151667526 -0.7943617460293301
-1.2174799284908402 0.6525994976897346 -0.7637583490908091
-1.2066017395955748 0.6423856397600655 -0.7433603922606163
-1.1898996148122656 0.6274860917091437 -0.7127563645200541
-1.1727492760735874 0.6131046090554737 -0.6821523709394655
-1.1551668872793885 0.599254416537197 -0.6515490523019976
-1.1371687035899145 0.5859488768367724 -0.620945816119066
-1.118771487332743 0.5732004794725079 -0.5903418567949373
-1.099992854609106 0.5610207897099513 -0.5597391911048012
-1.0808501050688104 0.5494216549406401 -0.5291356194440853
-1.061361014533974 0.5384140075828935 -0.49853445883701714
-1.0415442494203193 0.5280077362479594 -0.4679311012245821
-1.021433409977208 0.518219552939991 -0.43707396728091863
-1.001013324010001 0.5090514253820985 -0.40652812506446734
-0.9803241186962519 0.5005125898193904 -0.375925554083616
-0.9593836471361185 0.4926110121731916 -0.3453115336567752
-0.9382097073325186 0.48535388715026195 -0.3147083040370504
-0.9168228240693828 0.47874788365950355 -0.28410628409149496
-0.8952445069221542 0.4727988404393499 -0.25350451651645417
-0.8807625682502426 0.46920103409343666 -0.23310350551711873
-0.8589102089369463 0.46435948652057135 -0.20249906432734405
-0.8369196726273713 0.46018878261102314 -0.17189439999351025
-0.8148111486407267 0.45669294619859785 -0.1412914323235799
-0.7926055868956707 0.45387535246862054 -0.11068985728264985
-0.7703246349144963 0.4517378177772538 -0.08008828117314229
-0.7479890697133409 0.4502830129700561 -0.049482873173519716
-0.7256190591907524 0.4495134229134727 -0.01888140327565788
-0.7032360699031492 0.4494286735816501 0.011720274519347143
-0.6808613522377922 0.45002880582408633 0.04232458656429913
-0.658515559336618 0.45131280140355245 0.07292755332125425
-0.6362190295311012 0.4532802943348628 0.10353001067538384
-0.6139766368034504 0.4558789029584571 0.12874212382683042
-0.5917912890770657 0.4589919673028744 0.14908230401379066
-0.5696566729545247 0.4625034312528842 0.16446415545471488
-0.5475598799234745 0.4663013516130837 0.17476488835934834
-0.5254837149403606 0.4702725618432691 0.17994250362238265
-0.5034090022311903 0.47430402480248884 0.1800111548965615
-0.4886932969179406 0.4769889601359474 0.1806896390414409
-0.4666176339865449 0.4810170948147314 0.1805298557130682
-0.444532704835567 0.4850299124506029 0.17697829540064658
-0.42241572638013697 0.4889136442234918 0.16869650486893886
-0.4002574651582975 0.49257281681592957 0.15872557611331325
-0.3780629902573394 0.49600793416106925 0.14837599532611107
-0.3558348434443376 0.4992175549936268 0.13807474867452754
-0.3335749516535857 0.5022005476206877 0.12785730970035625
-0.31128560276459083 0.5049563820829303 0.11766415134378641
-0.28896943742373055 0.5074846913767622 0.10746719455756429
-0.26662875138183617 0.5097852981603478 0.09726426516859726
-0.24426574866224382 0.5118577010711859 0.08705986834310524
-0.2218825444609718 0.5137016761255113 0.07685566388310312
-0.19948157617832002 0.515317083507677 0.0666524709432558
-0.17706517353392937 0.5167036386548021 0.056449193802701476
-0.15463583321920105 0.5178610361923508 0.04624632826834484
-0.13219595730102796 0.5187893850411772 0.036043535180677294
-0.11723123634814211 0.5192808872328614 0.029241897095261718
-0.09477873330392272 0.5198269589199889 0.01903934549290434
-0.07232169278408382 0.520143570377916 0.008836808128840344
-0.049862552245611765 0.5202309393587116 -0.0013652148687075879
-0.02740365951792207 0.5200888451483279 -0.01156686112776712
-0.004947350590679891 0.5197173693272531 -0.021768592275201285
0.017503903200810106 0.5191165247192633 -0.03197051669888326
0.0399478351199997 0.5182863820483606 -0.042171932080373994
0.06238217620778997 0.5172272959088029 -0.05237320373926109
0.0848045794904636 0.5159391415306928 -0.06257439750252336
0.10721266199114171 0.5144222026328841 -0.07277565306978043
0.12960403105148496 0.5126764990959981 -0.08297704656247394
0.15197647049797397 0.5107024465145088 -0.09317783935825194
0.17432759015161958 0.5085001784064339 -0.10337849976480665
0.19665503143594132 0.5060700199314596 -0.11357961122923477
0.21895654121431604 0.5034121149623687 -0.1237807929868257
0.24122981438892527 0.5005266776675471 -0.13398162172256572
0.2560617657159364 0.4984769947402219 -0.14078193764614458
0.27828270204353195 0.49521337071526117 -0.1509825899391573
0.30046923121007807 0.49172336619971707 -0.1611835897316345
0.3226208648250858 0.4880045847954869 -0.1723008192976964
0.3447276571347659 0.48394957483285284 -0.19161517929556554
0.36675005034953867 0.47944479900799497 -0.21194436959857382
0.388676467861683 0.47449259158680224 -0.23241312843755163
0.4104973328280979 0.46909474363458253 -0.2528547313729796
0.4322072866157306 0.46330500496972504 -0.26787513462599744
0.4538318200188367 0.45723883620114075 -0.27801442510299906
0.47539968279738604 0.45100785404114696 -0.28319184134084485
0.4969417826761035 0.4447228374430953 -0.2832859906259469
0.518484923823659 0.4384410407995864 -0.2836514033633191
0.5400279522775864 0.43215971512899937 -0.28377888671678325
0.5615755440014303 0.42592993861248934 -0.27838128689336916
0.583159955890382 0.41986409539988623 -0.2680953775958083
0.597584761143198 0.4159448985788422 -0.262010716881745
0.6192698226813678 0.41025121607466325 -0.2516634014564419
0.641011749801704 0.40477795413045387 -0.24136465670336385
0.6628085334154199 0.3995261487154601 -0.23114888281257662
0.6846578658797567 0.39449670924278113 -0.2209567001672659
0.706557268814185 0.38969031724029435 -0.21076038601435035
0.7285017521611828 0.38512626698455826 -0.1970941716236148
0.7505076409364962 0.3809184268779308 -0.17861764518398607
0.7725916420213622 0.37716037098488625 -0.15843345848402016
0.7947468116494427 0.37385177881634485 -0.13787886629964696
0.8169650368527669 0.3709950844531805 -0.11737771394866421
0.83923713520337 0.3685923273899676 -0.09696033949381357
0.8615536915817334 0.36664447686494106 -0.076567651812536
0.8839054520665596 0.3651522183608847 -0.05617065461969392
0.9062831057474829 0.36411627687696463 -0.03576807736882048
0.9286772198019511 0.36353744671239063 -0.01536318008320762
0.9510785474138879 0.36341563787421655 0.005041265436765907
0.9660122228883379 0.36358851134514575 0.018643209964280854
0.9884049115587245 0.3642287831021405 0.03904577416172022
1.01077981194298 0.36532573842022287 0.05944910110700791
1.0331277782768928 0.3668794840689477 0.07985244150371949
1.0554393864562186 0.3688888313347176 0.10025487277895488
1.0777053735108766 0.37135339262328293 0.12065715958548019
1.099918463574362 0.37426988217055324 0.1401445159498008
1.1220919146810278 0.3775483285851737 0.15398209405602792
1.1442349735310509 0.3810780947307048 0.1634143402509397
1.1663392626277178 0.3848347126849015 0.17340087773144458
1.1884037634046192 0.38881641541197304 0.18364546512787625
1.2104267129897444 0.3930227451716813 0.19389929528903832
1.2324057541393256 0.3974538984110056 0.2041131765702209
1.254338362189469 0.40210920158824054 0.21430922492283067
1.276222059752591 0.4069883058831668 0.2245059460680652
1.2980548018950853 0.4120906043104293 0.2347050465214809
1.3198343510080288 0.4174154239068766 0.24490538596082603
1.3343233694473777 0.42108864338066926 0.25170595648044014
1.3560092695260462 0.4267829226616398 0.26190561765369974
1.3776359639039375 0.4326982218311848 0.2721056843567372
1.3992012108312575 0.4388338362692921 0.2823054524095258
1.4207026439018753 0.44518907536007885 0.2925056183474229
1.442138098518599 0.45176300755814847 0.30270563420735136
1.463505448111316 0.45855516956228093 0.3129059641250746
1.4848024790236156 0.46556500951344676 0.32310627199602526
1.506026920793411 0.4727916086137224 0.3333065566373329
1.5271764888162243 0.4802341235236794 0.34350672955836226
1.5482490830346183 0.48789175844986976 0.35370696781832095
1.5692425449866996 0.4957640002107526 0.36390767132334695
1.5901546524290873 0.5038499127855424 0.37410836956560073
1.6109831767589216 0.5121485198572836 0.38430896129034986
1.6317259860514794 0.5206591175248758 0.39450936365890693
1.652381028669994 0.5293806508951714 0.4047099729201936
1.6729459836828307 0.5383124328820357 0.4149112857426031
1.6934187289933469 0.5474535482583094 0.42511223309163143
1.7070150134652349 0.5536633766606741 0.431912398196465
1.7273295059903249 0.5631511076513436 0.44211295343032325
1.7475462458924484 0.5728453962539908 0.45231364184292977
1.7676629444115495 0.5827454489118796 0.46251505091622946
1.7876776408052366 0.5928502159563261 0.47271624689388553
1.8075882796052911 0.6031585914396668 0.48291662896668647
1.8273927194710569 0.613669402643441 0.49311719570386675
1.8470888673434802 0.6243817802649134 0.5033184292127145
1.8582620612964476 0.6305426634669072 0.5027072922079201
1.860650019860105 0.6318583209504215 0.5031422158065283
1.8606472821860411 0.6318576756022101 0.5034315409643376
1.8606371450338683 0.6318534384827104 0.5034421043519886
1.8606286117851 0.6318505557690749 0.5033940216806458
1.8606253027543065 0.63185105486823 0.5033626449967217
1.8606272395032564 0.6318548362350415 0.5033517541514375
1.8606340187097443 0.6318614254189312 0.503353182153975
1.8606397474778478 0.6318673231838751 0.5033685028844117
1.860639013763842 0.6318686151625085 0.5033673957906846
1.8606322854575297 0.6318674591837098 0.503348776892486
1.8606259338298674 0.6318664667068037 0.5033304658300072
1.860624736540708 0.631867610138434 0.5033557258806501
1.8606284966713749 0.6318711172669804 0.5033655611088071
1.8606326377080555 0.6318743805671041 0.5033604521343374
1.860632124053518 0.631874634669829 0.5033627948993312
1.8606282663600893 0.6318725239851103 0.5033757297927001
1.8606256898541425 0.6318706202649176 0.503390235959576
1.8606274763303372 0.6318706498353132 0.5033953614379615
1.8606314833096995 0.6318713779724339 0.5033941514844952
1.8606333892657176 0.631870866292199 0.5033966362806085
1.8606322302260392 0.6318686550758232 0.5034061881725582
1.8606308920908248 0.631866036197624 0.5034191604968806
